300
0 0 1 10
1 0 0 2 11
2 0 1 3 12
3 0 2 4 13
4 0 3 5 14
5 0 4 6 15
6 0 5 7 16
7 0 6 8 17
8 0 7 9 18
9 0 8 19
10 0 0 11 20
11 0 1 10 12 21
12 0 2 11 13 22
13 0 3 12 14 23
14 0 4 13 15 24
15 0 5 14 16 25
16 0 6 15 17 26
17 0 7 16 18 27
18 0 8 17 19 28
19 0 9 18 29
20 0 10 21 30
21 0 11 20 22 31
22 0 12 21 23 32
23 0 13 22 24 33
24 0 14 23 25 34
25 0 15 24 26 35
26 0 16 25 27 36
27 0 17 26 28 37
28 0 18 27 29 38
29 0 19 28 39
30 0 20 31 40
31 0 21 30 32 41
32 0 22 31 33 42
33 0 23 32 34 43
34 0 24 33 35 44
35 0 25 34 36 45
36 0 26 35 37 46
37 0 27 36 38 47
38 0 28 37 39 48
39 0 29 38 49
40 0 30 41 50
41 0 31 40 42 51
42 0 32 41 43 52
43 0 33 42 44 53
44 0 34 43 45 54
45 0 35 44 46 55
46 0 36 45 47 56
47 0 37 46 48 57
48 0 38 47 49 58
49 0 39 48 59
50 0 40 51 60
51 0 41 50 52 61
52 0 42 51 53 62
53 0 43 52 54 63
54 0 44 53 55 64
55 0 45 54 56 65
56 0 46 55 57 66
57 0 47 56 58 67
58 0 48 57 59 68
59 0 49 58 69
60 0 50 61 70
61 0 51 60 62 71
62 0 52 61 63 72
63 0 53 62 64 73
64 0 54 63 65 74
65 0 55 64 66 75
66 0 56 65 67 76
67 0 57 66 68 77
68 0 58 67 69 78
69 0 59 68 79
70 0 60 71 80
71 0 61 70 72 81
72 0 62 71 73 82
73 0 63 72 74 83
74 0 64 73 75 84
75 0 65 74 76 85
76 0 66 75 77 86
77 0 67 76 78 87
78 0 68 77 79 88
79 0 69 78 89
80 0 70 81 90
81 0 71 80 82 91
82 0 72 81 83 92
83 0 73 82 84 93
84 0 74 83 85 94
85 0 75 84 86 95
86 0 76 85 87 96
87 0 77 86 88 97
88 0 78 87 89 98
89 0 79 88 99
90 0 80 91 100
91 0 81 90 92 101
92 0 82 91 93 102
93 0 83 92 94 103
94 0 84 93 95 104
95 0 85 94 96 105
96 0 86 95 97 106
97 0 87 96 98 107
98 0 88 97 99 108
99 0 89 98 109
100 0 90 101 110
101 0 91 100 102 111
102 0 92 101 103 112
103 0 93 102 104 113
104 0 94 103 105 114
105 0 95 104 106 115
106 0 96 105 107 116
107 0 97 106 108 117
108 0 98 107 109 118
109 0 99 108 119
110 0 100 111 120
111 0 101 110 112 121
112 0 102 111 113 122
113 0 103 112 114 123
114 0 104 113 115 124
115 0 105 114 116 125
116 0 106 115 117 126
117 0 107 116 118 127
118 0 108 117 119 128
119 0 109 118 129
120 0 110 121 130
121 0 111 120 122 131
122 0 112 121 123 132
123 0 113 122 124 133
124 0 114 123 125 134
125 0 115 124 126 135
126 0 116 125 127 136
127 0 117 126 128 137
128 0 118 127 129 138
129 0 119 128 139
130 0 120 131 140
131 0 121 130 132 141
132 0 122 131 133 142
133 0 123 132 134 143
134 0 124 133 135 144
135 0 125 134 136 145
136 0 126 135 137 146
137 0 127 136 138 147
138 0 128 137 139 148
139 0 129 138 149
140 0 130 141 150
141 0 131 140 142 151
142 0 132 141 143 152
143 0 133 142 144 153
144 0 134 143 145 154
145 0 135 144 146 155
146 0 136 145 147 156
147 0 137 146 148 157
148 0 138 147 149 158
149 0 139 148 159
150 0 140 151 160
151 0 141 150 152 161
152 0 142 151 153 162
153 0 143 152 154 163
154 0 144 153 155 164
155 0 145 154 156 165
156 0 146 155 157 166
157 0 147 156 158 167
158 0 148 157 159 168
159 0 149 158 169
160 0 150 161 170
161 0 151 160 162 171
162 0 152 161 163 172
163 0 153 162 164 173
164 0 154 163 165 174
165 0 155 164 166 175
166 0 156 165 167 176
167 0 157 166 168 177
168 0 158 167 169 178
169 0 159 168 179
170 0 160 171 180
171 0 161 170 172 181
172 0 162 171 173 182
173 0 163 172 174 183
174 0 164 173 175 184
175 0 165 174 176 185
176 0 166 175 177 186
177 0 167 176 178 187
178 0 168 177 179 188
179 0 169 178 189
180 0 170 181 190
181 0 171 180 182 191
182 0 172 181 183 192
183 0 173 182 184 193
184 0 174 183 185 194
185 0 175 184 186 195
186 0 176 185 187 196
187 0 177 186 188 197
188 0 178 187 189 198
189 0 179 188 199
190 0 180 191 200
191 0 181 190 192 201
192 0 182 191 193 202
193 0 183 192 194 203
194 0 184 193 195 204
195 0 185 194 196 205
196 0 186 195 197 206
197 0 187 196 198 207
198 0 188 197 199 208
199 0 189 198 209
200 0 190 201 210
201 0 191 200 202 211
202 0 192 201 203 212
203 0 193 202 204 213
204 0 194 203 205 214
205 0 195 204 206 215
206 0 196 205 207 216
207 0 197 206 208 217
208 0 198 207 209 218
209 0 199 208 219
210 0 200 211 220
211 0 201 210 212 221
212 0 202 211 213 222
213 0 203 212 214 223
214 0 204 213 215 224
215 0 205 214 216 225
216 0 206 215 217 226
217 0 207 216 218 227
218 0 208 217 219 228
219 0 209 218 229
220 0 210 221 230
221 0 211 220 222 231
222 0 212 221 223 232
223 0 213 222 224 233
224 0 214 223 225 234
225 0 215 224 226 235
226 0 216 225 227 236
227 0 217 226 228 237
228 0 218 227 229 238
229 0 219 228 239
230 0 220 231 240
231 0 221 230 232 241
232 0 222 231 233 242
233 0 223 232 234 243
234 0 224 233 235 244
235 0 225 234 236 245
236 0 226 235 237 246
237 0 227 236 238 247
238 0 228 237 239 248
239 0 229 238 249
240 0 230 241 250
241 0 231 240 242 251
242 0 232 241 243 252
243 0 233 242 244 253
244 0 234 243 245 254
245 0 235 244 246 255
246 0 236 245 247 256
247 0 237 246 248 257
248 0 238 247 249 258
249 0 239 248 259
250 0 240 251 260
251 0 241 250 252 261
252 0 242 251 253 262
253 0 243 252 254 263
254 0 244 253 255 264
255 0 245 254 256 265
256 0 246 255 257 266
257 0 247 256 258 267
258 0 248 257 259 268
259 0 249 258 269
260 0 250 261 270
261 0 251 260 262 271
262 0 252 261 263 272
263 0 253 262 264 273
264 0 254 263 265 274
265 0 255 264 266 275
266 0 256 265 267 276
267 0 257 266 268 277
268 0 258 267 269 278
269 0 259 268 279
270 0 260 271 280
271 0 261 270 272 281
272 0 262 271 273 282
273 0 263 272 274 283
274 0 264 273 275 284
275 0 265 274 276 285
276 0 266 275 277 286
277 0 267 276 278 287
278 0 268 277 279 288
279 0 269 278 289
280 0 270 281 290
281 0 271 280 282 291
282 0 272 281 283 292
283 0 273 282 284 293
284 0 274 283 285 294
285 0 275 284 286 295
286 0 276 285 287 296
287 0 277 286 288 297
288 0 278 287 289 298
289 0 279 288 299
290 0 280 291
291 0 281 290 292
292 0 282 291 293
293 0 283 292 294
294 0 284 293 295
295 0 285 294 296
296 0 286 295 297
297 0 287 296 298
298 0 288 297 299
299 0 289 298
