Results: 
129283
129283
129283
129283
129283
128261
128261
128261
128261
128261
128261
128261
128261
128261
128261
128261
127750
127239
126728
126728
126728
126728
126728
126728
126728
126728
126728
126728
126728
126728
126728
126728
126728
126728
125706
125706
125195
125195
125195
125195
125195
125195
125195
125195
125195
125195
125195
125195
125195
125195
125195
125195
125195
124684
124684
123662
123662
123662
123662
123662
123662
123662
123662
123662
123662
123662
123662
123662
123151
123151
123151
123151
123151
123151
123151
123151
123151
123151
123151
123151
123151
123151
123151
123151
123151
122640
121618
121618
121618
121618
121618
121618
121618
121618
121107
121107
121107
121107
121107
121107
121107
121107
121107
120596
120596
120596
120596
120085
120085
120085
120085
120085
120085
119063
118552
118552
118041
118041
118041
118041
118041
118041
118041
117530
117019
117019
117019
115997
115486
114975
114975
114975
114975
114975
114975
114975
114464
114464
114464
114464
113953
113953
113953
113953
113953
113953
113442
113442
113442
113442
113442
113442
113442
113442
113442
113442
113442
113442
113442
113442
113442
113442
113442
113442
112931
112931
112931
112931
112931
112931
112931
112931
112931
112931
112931
112931
112931
112931
112931
112931
112931
112931
112931
112931
112931
112931
112931
112931
112931
112931
112931
112931
112931
112931
112931
112931
112931
112931
112931
112931
112931
112931
112931
112931
112931
112931
112931
112931
112931
112931
112931
112931
111909
111909
111909
111909
111909
111909
111909
111909
111909
111909
111909
111909
111909
111909
111398
110887
110887
110887
110887
110376
110376
110376
110376
110376
109865
109865
109865
109865
109865
109354
109354
109354
108843
108843
108843
108843
108332
107821
107310
107310
107310
107310
107310
107310
107310
107310
106288
106288
106288
106288
106288
106288
106288
106288
106288
106288
106288
106288
106288
106288
106288
106288
106288
106288
106288
106288
105777
105777
105777
105777
105777
105266
105266
105266
105266
105266
105266
105266
105266
105266
105266
105266
105266
105266
105266
105266
105266
105266
105266
105266
105266
105266
105266
105266
105266
105266
105266
105266
105266
105266
103733
103222
103222
103222
103222
103222
103222
103222
103222
103222
102711
102711
102711
102711
102711
102711
102711
102711
102711
102711
102711
102711
102711
102711
102711
102711
102711
102711
102711
102711
102200
102200
102200
102200
102200
102200
102200
102200
102200
101689
101689
101689
101689
101689
101178
100667
100667
100667
100667
100667
100667
100667
100667
100667
100667
100667
100667
100667
100667
100667
100667
100667
100667
100667
100667
100667
100667
100667
100667
100667
100667
100667
100667
100667
100667
100667
100667
100667
100667
100667
100667
100667
100667
100667
100156
100156
100156
100156
100156
100156
100156
100156
100156
100156
100156
100156
100156
100156
100156
99645
99645
99134
99134
99134
98623
98623
98623
98623
98623
98623
98623
98623
98623
98623
98112
98112
98112
98112
98112
98112
98112
98112
98112
97090
97090
97090
97090
97090
97090
97090
97090
97090
97090
96579
96579
96579
96579
96579
96068
96068
96068
95557
95557
95046
95046
95046
95046
95046
95046
95046
95046
95046
95046
95046
95046
94535
94535
94535
94535
94535
94535
94535
94535
94535
94535
94535
94535
94535
94535
94535
94535
94535
94535
94535
94535
94535
94535
94535
94535
94535
94024
94024
93513
93513
93513
93002
93002
93002
93002
93002
93002
93002
93002
93002
93002
93002
93002
93002
93002
93002
93002
93002
93002
93002
93002
93002
93002
93002
93002
93002
93002
93002
93002
93002
93002
93002
93002
93002
93002
93002
93002
93002
92491
92491
92491
92491
92491
92491
92491
92491
92491
91980
91980
91980
91980
91980
91980
91980
91980
91469
91469
91469
91469
91469
91469
91469
91469
91469
91469
91469
91469
91469
91469
91469
91469
91469
91469
91469
91469
91469
91469
91469
91469
91469
91469
91469
91469
91469
91469
91469
91469
91469
91469
91469
91469
90958
90958
90447
90447
90447
90447
90447
90447
90447
90447
90447
90447
90447
90447
90447
90447
90447
90447
90447
90447
90447
90447
90447
90447
90447
90447
90447
90447
89936
89936
89936
89936
89936
89425
89425
89425
89425
89425
89425
89425
89425
89425
89425
89425
89425
89425
89425
89425
89425
89425
89425
89425
89425
89425
89425
89425
89425
89425
89425
89425
88403
88403
87892
87381
87381
87381
87381
86870
86870
86359
86359
86359
85848
85848
85848
85848
85848
85848
85848
85337
85337
85337
85337
85337
85337
85337
85337
85337
85337
85337
85337
85337
85337
85337
85337
85337
85337
85337
85337
85337
85337
85337
85337
85337
85337
85337
85337
85337
84826
84826
84826
84826
84826
84826
84826
84826
84826
84826
84826
84826
84826
84826
84826
84826
84826
84826
84826
84826
84826
84826
84826
84826
84826
84826
84826
84826
84826
84826
84826
84826
84826
84315
84315
84315
83804
83804
83804
83804
83804
82782
82782
82782
82782
82271
82271
82271
82271
82271
81760
81760
81760
81760
81760
81249
81249
81249
81249
81249
81249
81249
81249
81249
81249
81249
81249
80227
80227
79205
79205
79205
79205
79205
78694
78694
78694
78694
78694
78694
78694
78183
78183
78183
78183
78183
78183
78183
78183
78183
78183
78183
78183
78183
78183
78183
78183
78183
78183
78183
78183
78183
78183
78183
78183
78183
78183
78183
78183
78183
78183
78183
78183
78183
78183
78183
78183
77672
77672
77161
77161
77161
77161
77161
77161
77161
77161
77161
77161
77161
77161
77161
77161
77161
77161
77161
77161
77161
76650
76650
76650
76650
76650
76650
76650
76650
76650
76650
76650
76650
76650
76650
76650
76650
76650
76650
76650
76650
76650
76650
76650
76650
76650
76650
76139
76139
76139
76139
76139
76139
76139
76139
76139
76139
76139
76139
76139
76139
76139
76139
76139
76139
76139
75628
75628
75628
75628
75628
75628
75628
75628
75628
75628
75628
75628
75628
75628
75628
75628
75628
75117
75117
75117
75117
75117
75117
75117
75117
75117
75117
75117
75117
75117
75117
75117
75117
75117
75117
75117
75117
74606
74606
74606
74606
74606
74606
74606
74095
73584
73584
73073
73073
73073
73073
73073
73073
73073
73073
73073
73073
73073
73073
72562
72562
72051
72051
72051
72051
72051
71540
71029
71029
71029
71029
70518
70518
70518
70518
70518
70518
70518
70518
70518
70518
70518
70518
70518
70518
70007
70007
70007
70007
70007
70007
70007
70007
70007
70007
69496
69496
68985
68985
68985
68985
68985
68985
68985
68985
68985
68985
68985
68985
68474
68474
68474
68474
68474
68474
68474
68474
68474
68474
68474
68474
68474
68474
68474
68474
68474
68474
68474
68474
68474
68474
68474
68474
68474
68474
68474
68474
68474
67963
67963
67963
67963
67452
67452
67452
67452
67452
67452
67452
67452
67452
67452
67452
67452
67452
67452
67452
67452
67452
67452
67452
67452
66941
66941
66941
66941
66941
66941
66941
66941
66941
66941
66941
66941
66430
66430
66430
66430
66430
66430
66430
65919
65919
65919
64897
64897
64386
64386
64386
64386
64386
64386
64386
64386
64386
64386
64386
64386
64386
64386
63875
63875
63875
63364
63364
63364
63364
62853
62853
62853
62853
62853
62853
62853
62853
62342
62342
62342
62342
62342
62342
62342
62342
62342
62342
62342
62342
62342
62342
62342
62342
62342
62342
62342
62342
62342
62342
62342
62342
62342
62342
62342
62342
62342
62342
62342
62342
62342
62342
62342
62342
61831
61320
60809
60809
60809
60809
60809
60298
60298
60298
60298
60298
60298
60298
60298
60298
60298
59787
59787
59787
59276
59276
58254
58254
57743
57743
57743
57743
57743
57743
57743
57743
57743
57743
57743
57743
57743
57743
57743
57743
57743
57743
57743
57743
57743
57743
57743
57743
57743
57743
57743
57232
57232
57232
57232
57232
57232
57232
57232
57232
57232
57232
57232
57232
56721
56721
56721
56721
56721
56721
56721
56721
56721
56721
56721
56721
56721
56721
56721
56721
56721
56721
56721
56721
56721
56721
56721
56721
56210
56210
56210
55699
55699
55188
55188
55188
55188
55188
55188
55188
55188
55188
55188
55188
55188
55188
55188
55188
55188
55188
55188
55188
54677
54677
54677
54677
54677
54677
54677
54677
54677
54677
54677
54677
54677
54677
54677
54166
54166
54166
54166
54166
54166
54166
54166
54166
54166
54166
54166
54166
54166
54166
54166
54166
54166
54166
53655
53655
53655
53655
53655
53144
53144
53144
53144
53144
53144
53144
53144
53144
53144
53144
53144
53144
53144
53144
52633
52633
52633
52633
52633
52633
52633
52122
52122
52122
52122
52122
52122
52122
52122
52122
52122
52122
52122
51611
51611
51611
51611
51611
51100
51100
50589
50589
50589
50589
50589
50589
50589
50589
50589
50589
50589
50589
50078
50078
50078
50078
50078
50078
50078
50078
50078
50078
50078
50078
50078
50078
50078
50078
50078
50078
50078
50078
50078
49567
49567
49567
49567
49567
49567
49567
49567
49567
49567
49567
49567
49056
49056
49056
49056
49056
49056
49056
49056
49056
49056
49056
49056
49056
49056
49056
49056
49056
48545
48545
48545
48545
48545
48545
48545
48545
48545
48545
48545
48545
48545
48545
48545
48545
48545
48545
48545
48034
48034
48034
48034
48034
47523
47523
47523
47523
47523
47523
47523
47012
47012
47012
47012
47012
47012
47012
47012
47012
47012
47012
47012
47012
47012
47012
47012
47012
47012
47012
47012
47012
47012
47012
47012
47012
47012
47012
47012
47012
47012
47012
47012
47012
47012
47012
47012
47012
47012
47012
47012
47012
47012
47012
47012
47012
47012
47012
47012
47012
47012
47012
47012
47012
47012
47012
47012
47012
47012
47012
47012
47012
47012
47012
47012
47012
47012
46501
46501
46501
46501
46501
46501
46501
46501
46501
46501
46501
46501
46501
46501
46501
46501
46501
45990
45990
45990
45990
45990
45479
45479
45479
45479
45479
44968
44968
44968
44968
44968
44968
44968
44968
44968
44968
44968
44968
44968
44968
44968
44968
44968
44968
44968
44968
44968
44457
44457
44457
43946
43946
43946
43946
43946
43946
43946
43946
43946
43946
43946
43946
43946
43946
43946
43946
43946
43946
43946
43946
43946
43946
43946
43946
43946
43946
43946
43946
43946
43946
43946
43946
43946
43946
43946
43946
43435
43435
43435
43435
43435
43435
43435
43435
43435
43435
43435
43435
43435
43435
43435
43435
42924
42924
42924
42924
42924
42924
42924
42924
42924
42924
42924
42924
42413
41902
41902
41902
41902
41902
41902
41902
41902
41902
41902
41902
41902
41902
41902
41902
41902
41902
41902
41902
41902
41902
41902
41902
41902
41902
41902
41902
41902
41902
41902
41902
41902
41902
41902
41902
41391
40880
40369
40369
40369
39858
39858
39858
39858
39858
39858
39858
39858
39858
39858
39858
39858
39858
39858
39858
39858
39858
39858
39858
39858
39858
39858
39858
39858
39858
39858
39858
39858
39858
39858
39858
39858
39858
39858
39858
39858
39858
39858
39858
39858
39858
39858
39858
39858
39858
39858
39858
39858
39858
39858
39858
39858
39858
39858
39858
39858
39858
39347
39347
39347
39347
39347
39347
39347
39347
39347
39347
39347
39347
39347
39347
39347
39347
39347
38836
38836
38836
38836
38836
38836
38836
38325
38325
38325
38325
38325
38325
38325
38325
38325
38325
38325
37814
37814
37814
37814
37814
37814
37814
37814
37814
37814
37814
37814
37814
37814
37814
37814
37814
37814
37814
37814
37814
37814
37814
37814
37814
37814
37814
37814
37814
37814
37814
37814
37814
37814
37303
37303
37303
37303
37303
37303
37303
37303
37303
37303
37303
37303
37303
37303
36792
36792
36792
36792
36792
36792
36792
36281
36281
36281
36281
36281
36281
36281
36281
36281
36281
36281
36281
36281
36281
36281
36281
36281
36281
36281
36281
36281
36281
36281
36281
36281
36281
36281
36281
36281
36281
36281
36281
36281
36281
36281
36281
36281
36281
36281
36281
36281
35770
35770
35770
35770
35770
35770
35770
35770
35770
35770
35770
35770
35770
35770
35770
35770
35770
35770
35770
35770
35770
35770
35770
35770
35770
35770
35770
35770
35770
35770
35770
35770
35770
35770
35770
35770
35770
35770
35770
35770
35770
35770
35770
35770
35770
35770
35770
35770
35770
35770
35770
35770
35770
35770
35770
35770
35770
35770
35770
35770
35770
35770
35770
35770
35770
35770
35770
35770
35770
35770
35770
35770
35770
35770
35770
35770
35770
35770
35770
35770
35770
35770
35770
35770
35770
35770
35770
35770
35770
35770
35770
35770
35770
35770
35770
35770
35770
35770
35770
35770
35770
35770
35770
35770
35770
35259
35259
35259
35259
35259
35259
35259
35259
35259
35259
35259
35259
35259
35259
35259
35259
35259
35259
35259
35259
35259
35259
35259
35259
35259
35259
35259
35259
35259
35259
35259
35259
35259
35259
35259
35259
35259
35259
35259
35259
35259
35259
35259
35259
35259
35259
35259
35259
35259
35259
35259
35259
35259
35259
35259
35259
35259
35259
35259
35259
35259
34748
34748
34748
34748
34748
34748
34748
34748
34748
34748
34748
34748
34748
34748
34237
34237
34237
34237
34237
34237
34237
34237
34237
34237
34237
34237
34237
34237
33726
33726
33726
33726
33726
33726
33726
33726
33726
33726
33726
33726
33726
33726
33726
33726
33726
33726
33726
33726
33726
33726
33726
33726
33215
33215
33215
33215
33215
33215
33215
33215
33215
33215
33215
33215
33215
33215
33215
33215
33215
33215
33215
33215
33215
33215
33215
33215
33215
33215
33215
33215
33215
33215
33215
33215
33215
33215
33215
33215
33215
33215
33215
33215
33215
33215
33215
32193
32193
32193
32193
32193
32193
32193
32193
32193
32193
32193
32193
32193
32193
32193
32193
32193
32193
32193
32193
32193
32193
32193
32193
32193
32193
32193
32193
32193
32193
32193
32193
32193
32193
32193
32193
32193
32193
32193
32193
32193
32193
32193
32193
32193
32193
32193
32193
32193
32193
32193
32193
32193
32193
32193
32193
32193
32193
32193
32193
32193
32193
32193
32193
32193
32193
32193
32193
32193
31682
31682
31682
31682
31682
31682
31682
31682
31682
31682
31682
31682
31682
31682
31682
31682
31682
31682
31682
31171
31171
31171
31171
31171
30660
30660
30149
30149
30149
30149
30149
30149
30149
30149
30149
30149
30149
30149
30149
30149
30149
30149
30149
30149
30149
30149
30149
30149
30149
30149
29638
29638
29638
29638
29638
29638
29638
29638
29638
29638
29638
29638
29638
29638
29638
29638
29638
29638
29638
29638
29127
29127
29127
29127
29127
29127
29127
29127
29127
29127
29127
29127
29127
29127
29127
29127
29127
29127
29127
29127
29127
29127
29127
29127
29127
29127
29127
29127
29127
29127
29127
29127
29127
29127
29127
29127
29127
29127
29127
29127
29127
29127
29127
29127
29127
29127
29127
29127
29127
29127
29127
29127
29127
29127
29127
29127
29127
29127
29127
29127
29127
29127
28616
28616
28616
28616
28616
28616
28616
28616
28616
28616
28616
28616
28616
28616
28616
28105
28105
28105
28105
28105
28105
28105
28105
28105
28105
28105
28105
28105
28105
28105
28105
28105
28105
28105
28105
28105
28105
28105
28105
28105
28105
28105
27083
27083
27083
27083
27083
26572
26572
26572
26572
26572
26061
26061
26061
26061
26061
26061
26061
26061
26061
26061
26061
26061
26061
26061
26061
25550
25550
25550
25550
25550
25550
25550
25039
25039
25039
25039
25039
25039
25039
25039
25039
25039
25039
25039
25039
25039
25039
25039
25039
25039
25039
25039
25039
25039
24528
24528
24528
24528
24528
24528
24528
24528
24528
24528
24528
24528
24528
24528
24528
24528
24528
24528
24528
24528
24528
24528
24528
24528
24528
24528
24528
24528
24528
24528
24528
24017
24017
24017
22995
22995
22995
22995
22995
22995
22995
22995
22995
22995
22995
22995
22995
22995
22995
22995
22995
22995
22995
22995
22995
22995
22995
22995
22995
22995
22995
22995
22995
22995
22995
22995
22995
22995
22995
22995
22995
22995
22995
22995
22995
22995
22995
22995
22995
22995
22995
22995
22995
22995
22995
22995
22995
22995
22995
22995
22995
22995
22995
22995
22995
22995
22995
22995
22995
22995
22995
22995
22995
22995
22995
22995
22995
22995
22995
22995
22995
22995
22995
22995
22995
22995
22995
22995
22995
22995
22995
22995
22995
22995
22484
22484
22484
22484
22484
22484
22484
22484
22484
22484
22484
22484
21973
21973
21973
21973
21973
21973
21973
21973
21973
21973
21973
21973
21973
21973
21973
21973
21973
21973
21973
21973
21973
21973
21973
21973
21973
21973
21973
21973
21973
21973
21973
21973
21973
21973
21973
21973
21973
21973
21973
21973
21973
21973
21973
21462
21462
21462
21462
21462
21462
21462
21462
21462
21462
21462
21462
21462
21462
21462
21462
21462
21462
21462
21462
21462
21462
21462
21462
21462
21462
21462
21462
21462
21462
21462
21462
21462
21462
20951
20951
20440
20440
20440
19929
19929
19929
19929
19929
19929
19929
19929
19929
19418
19418
19418
19418
19418
19418
19418
19418
19418
19418
19418
19418
19418
19418
19418
19418
19418
18907
18907
18907
18907
18907
18907
18907
18907
18907
18907
18907
18907
18907
18907
18907
18907
18907
18907
18907
18907
18907
18907
18907
18907
18907
18907
18907
18907
18907
18907
18907
18907
18907
18907
18907
18907
18907
18907
18907
18907
18907
18907
18907
18907
18907
18907
18907
18907
18907
18907
18907
18907
18907
18907
18907
18907
18907
18907
18907
18907
18907
18907
18907
18907
18907
18907
18907
18907
18907
18907
18907
18907
18907
18396
18396
18396
18396
18396
18396
18396
18396
18396
18396
18396
18396
18396
18396
18396
18396
18396
18396
18396
18396
18396
18396
18396
18396
17885
17885
17885
17885
17885
17885
17885
17885
17885
17885
17885
17885
17885
17885
17885
17885
17885
17885
17885
17885
17885
17885
17885
17885
17885
17885
17885
17885
17885
17885
17885
17885
17885
17885
17374
17374
17374
17374
17374
17374
17374
16863
16863
16863
16863
16863
16863
16863
16863
16863
16863
16863
16863
16863
16863
16863
16863
16863
16863
16863
16863
16863
16863
16352
16352
16352
16352
16352
16352
16352
16352
16352
16352
16352
16352
16352
16352
16352
16352
16352
16352
16352
16352
16352
16352
16352
16352
16352
16352
16352
16352
16352
16352
16352
16352
16352
16352
16352
16352
16352
16352
16352
16352
16352
16352
16352
16352
16352
16352
16352
16352
16352
16352
16352
16352
16352
16352
16352
16352
16352
16352
16352
16352
16352
16352
16352
16352
16352
16352
16352
16352
16352
16352
16352
16352
16352
16352
16352
16352
16352
16352
16352
16352
16352
16352
16352
16352
16352
16352
16352
16352
16352
16352
16352
16352
15841
15841
15841
15330
15330
15330
14819
14819
14819
14819
14819
14819
14819
14819
14819
14819
14819
14819
14819
14308
14308
14308
14308
14308
14308
14308
14308
14308
14308
14308
14308
14308
14308
14308
14308
14308
14308
14308
14308
14308
14308
14308
14308
14308
14308
14308
14308
14308
14308
14308
14308
14308
14308
14308
14308
14308
14308
14308
14308
14308
14308
14308
14308
14308
14308
14308
14308
14308
14308
14308
14308
14308
14308
14308
14308
14308
14308
14308
14308
14308
14308
14308
14308
14308
14308
14308
14308
14308
14308
14308
14308
14308
14308
14308
14308
14308
14308
14308
14308
14308
14308
14308
14308
14308
14308
14308
14308
14308
14308
14308
14308
14308
14308
14308
13797
13797
13797
13797
13797
13797
13797
13797
