Results: 
135415
135415
135415
135415
135415
134904
134904
134904
134904
134904
134904
134904
134904
134904
134904
134904
134393
134393
133882
133882
133882
133882
133882
133882
133882
133882
133371
133371
133371
133371
133371
133371
133371
133371
132349
132349
132349
132349
132349
132349
132349
132349
132349
132349
132349
131838
131838
131838
131838
131838
131838
131838
131838
131327
131327
131327
131327
131327
131327
131327
131327
131327
131327
131327
131327
131327
131327
131327
131327
131327
131327
131327
131327
130816
130816
130305
129794
129794
129794
129794
129794
129794
129794
129794
129794
129283
128772
128772
128772
128772
128772
128772
128772
128772
128261
128261
127750
127239
127239
127239
126217
126217
126217
125706
125706
125706
125706
125195
125195
125195
125195
125195
125195
125195
125195
125195
125195
125195
125195
125195
125195
125195
125195
124684
124173
124173
124173
124173
123662
123662
123662
123662
123662
123662
123151
123151
122640
122640
122640
122640
122640
122640
122640
122640
122129
122129
121107
121107
121107
121107
121107
121107
121107
121107
121107
121107
121107
121107
121107
120085
120085
120085
120085
120085
119574
119574
119574
119574
119574
119574
119574
119574
119574
119574
119574
119574
119574
119574
119063
119063
119063
119063
119063
119063
119063
119063
119063
119063
119063
119063
119063
119063
119063
119063
119063
119063
119063
118552
118552
118552
118552
118552
118552
118552
118552
118552
118552
118552
118552
118552
118552
118552
117530
117019
117019
117019
117019
117019
117019
117019
117019
117019
117019
117019
117019
117019
116508
116508
116508
116508
116508
116508
116508
116508
116508
116508
115997
115997
115997
115997
115997
115486
114975
114975
114975
114975
113442
113442
113442
113442
113442
113442
113442
113442
113442
113442
113442
113442
112420
112420
112420
112420
112420
112420
112420
112420
112420
112420
112420
112420
112420
112420
112420
112420
112420
112420
112420
112420
111909
111909
111909
111909
111909
111398
111398
111398
111398
111398
111398
111398
111398
111398
111398
111398
111398
111398
111398
110887
110887
110887
110887
110887
110887
110887
110887
110887
110887
110887
110887
110887
110887
110887
110887
110887
110887
110887
110887
110887
110887
110887
110887
110887
110376
109865
109865
109865
109865
109865
109865
109865
109865
109865
109865
109865
109865
109865
109865
109865
109865
109865
109865
109865
109354
109354
109354
109354
109354
109354
109354
108843
108843
108332
108332
107821
107821
107821
107821
107821
107821
107821
107821
107821
107821
107821
107821
107821
107821
107821
107821
107821
107821
107821
107821
107821
107821
107821
107821
107821
107821
107821
107821
107821
107821
107821
107821
107821
107821
107821
107821
107821
107821
107821
107821
107821
107310
106799
106799
106799
106799
106799
106799
106799
106799
106799
106799
106799
106799
106799
106288
106288
106288
106288
106288
106288
106288
106288
105777
105777
105777
105777
105777
105777
105777
105777
105777
105777
105777
105777
105777
105777
105777
105777
105777
105777
105777
105777
105777
105777
105777
105777
105777
105777
105777
105777
105777
105777
105777
105777
105777
105777
105266
105266
104755
104244
104244
103733
103733
103733
103733
103733
103733
103733
103733
103733
103733
103733
103733
103733
103733
103733
103733
103733
103733
103733
103733
103733
103733
103733
103733
103733
103733
103733
103733
103733
103733
103733
103733
103733
103733
103733
103733
103733
103733
103733
103222
103222
103222
102711
102711
102711
102711
102711
102711
102711
102200
102200
102200
102200
102200
102200
102200
102200
102200
102200
102200
102200
102200
102200
102200
101689
101689
101689
101689
101689
101689
101689
101689
101689
101689
101689
101689
101689
101689
101689
101178
101178
101178
101178
101178
101178
101178
101178
101178
101178
101178
101178
101178
101178
101178
101178
101178
101178
101178
100156
100156
100156
100156
100156
99134
99134
99134
99134
99134
99134
99134
98623
98623
98623
98112
98112
98112
98112
98112
98112
98112
98112
98112
98112
98112
98112
98112
98112
98112
98112
98112
98112
98112
97601
97601
97601
97601
97601
97601
97601
97601
97601
97601
97601
97601
97601
97601
97601
97601
97601
97090
97090
97090
97090
96579
96579
96579
96579
96579
96579
96579
96068
96068
96068
96068
96068
95046
94024
94024
93513
93513
93513
93513
93513
93513
93513
93513
93513
93513
93513
93513
93513
93513
93002
93002
93002
93002
93002
93002
93002
93002
93002
93002
93002
93002
93002
93002
93002
93002
93002
93002
93002
93002
93002
93002
93002
93002
93002
93002
93002
93002
93002
92491
92491
92491
92491
92491
92491
92491
92491
92491
92491
92491
92491
91980
91980
91980
91469
91469
91469
91469
91469
91469
91469
91469
91469
91469
91469
91469
91469
91469
90958
90958
90447
90447
90447
90447
90447
90447
90447
90447
89936
89936
89425
89425
89425
89425
89425
88914
88914
88914
88914
88914
88914
88914
88914
88914
88914
88914
88914
88914
88914
88914
88914
88403
88403
88403
87892
87892
87892
87892
87892
86870
86870
86870
86870
86359
86359
86359
86359
86359
85848
85848
85848
85848
85848
85337
85337
85337
85337
85337
85337
85337
85337
85337
85337
85337
85337
84315
84315
84315
84315
84315
84315
84315
84315
84315
84315
84315
84315
84315
84315
83804
83804
83804
83804
83804
83804
83804
83804
83804
83804
83804
83804
83804
83804
83804
83804
83804
83804
83804
83804
83804
83804
83804
83804
83804
83804
83804
83804
83804
83804
83804
83804
83804
83804
83804
83804
83804
83804
83293
83293
83293
83293
83293
83293
83293
83293
83293
83293
82782
82782
82782
82782
82782
82782
82782
82782
82782
82782
82782
82782
82782
82782
82271
82271
82271
82271
82271
82271
82271
81760
81249
80738
80738
80738
80738
80738
80738
80738
80738
80738
80738
80738
80738
80738
80738
80738
80738
80738
80738
80738
80738
80738
80738
80227
80227
80227
80227
79716
79716
79716
79716
79716
79205
79205
79205
79205
79205
79205
79205
79205
79205
79205
79205
79205
79205
79205
79205
79205
79205
79205
79205
79205
78694
78694
78694
78694
78694
78694
78694
78183
78183
77161
77161
77161
77161
77161
77161
77161
77161
77161
77161
77161
77161
77161
77161
77161
76650
76139
76139
75628
75628
75628
75628
75117
75117
75117
75117
75117
75117
75117
75117
74606
74606
74095
74095
74095
74095
74095
73584
73584
73584
73584
73584
73584
73584
73584
73584
73584
73584
73584
73584
73584
73584
73584
73584
73584
73584
73584
73584
73584
73584
73584
73584
73584
73584
73584
73584
73073
73073
73073
73073
73073
73073
73073
73073
73073
73073
73073
73073
73073
73073
72562
72562
72562
72562
72562
72562
72562
72562
72562
72562
72562
72562
72562
72562
72051
72051
72051
72051
72051
72051
72051
72051
72051
72051
72051
72051
72051
72051
72051
71029
71029
71029
71029
70518
70518
70518
70518
70518
70518
70518
70518
70518
70518
70518
70518
70518
70518
70518
70518
70518
70518
70518
70518
70007
70007
70007
70007
69496
69496
69496
69496
69496
69496
69496
69496
69496
69496
68985
68985
68985
68985
68985
68985
68985
68985
68985
68985
68985
68985
68985
68985
68985
68985
68985
68985
68985
68474
68474
68474
68474
68474
68474
68474
68474
68474
68474
68474
68474
68474
68474
68474
68474
68474
67452
67452
67452
67452
67452
67452
67452
66430
66430
66430
65919
65919
65919
65919
65919
65919
65919
64897
64386
64386
64386
64386
64386
64386
64386
64386
64386
64386
64386
64386
64386
64386
64386
64386
64386
64386
64386
64386
64386
63875
63364
63364
63364
63364
63364
63364
62853
62853
62853
62853
62853
62853
62853
62853
62853
62853
62342
62342
62342
62342
62342
61831
61831
61831
61831
61831
61831
61831
61831
61831
61831
61831
61831
61831
61831
61831
61831
61831
60809
60298
60298
60298
60298
60298
60298
60298
60298
60298
60298
60298
60298
60298
60298
60298
60298
60298
60298
60298
60298
60298
60298
60298
60298
60298
60298
60298
60298
60298
60298
60298
60298
60298
60298
60298
60298
60298
60298
60298
59276
59276
59276
59276
59276
59276
59276
59276
59276
59276
59276
59276
59276
59276
58765
58765
58765
58765
58765
58765
58765
58765
58765
58765
58254
58254
58254
58254
58254
58254
58254
57743
57743
57232
57232
57232
57232
57232
57232
57232
57232
57232
57232
57232
57232
57232
57232
57232
57232
57232
57232
57232
57232
57232
57232
57232
57232
57232
57232
57232
57232
57232
57232
57232
57232
57232
57232
56721
56721
56721
56721
56721
56721
56721
56721
56721
56721
56721
56721
56721
56721
56721
56721
56721
56721
56721
56721
56721
56721
56721
56721
56721
55699
55699
55188
55188
55188
55188
55188
55188
55188
55188
55188
55188
54677
54677
54166
54166
54166
54166
54166
54166
54166
53144
53144
53144
53144
53144
53144
53144
53144
53144
53144
53144
53144
52633
52122
52122
52122
52122
52122
52122
51611
51611
51611
51611
51611
51611
51611
51100
51100
51100
51100
51100
51100
51100
50589
50589
50589
50589
50589
50589
50589
50589
50589
50589
50589
50589
50589
50589
50589
50589
50589
50589
50589
50589
50589
50589
50589
50589
50589
50589
50589
50589
50589
50078
50078
50078
50078
50078
50078
50078
50078
50078
50078
50078
50078
50078
50078
49056
49056
49056
49056
49056
49056
49056
49056
49056
49056
49056
49056
49056
49056
49056
49056
49056
49056
49056
49056
49056
49056
49056
49056
49056
49056
48034
48034
48034
48034
48034
48034
48034
48034
48034
48034
48034
48034
48034
48034
48034
48034
48034
48034
48034
48034
48034
48034
48034
48034
48034
48034
48034
48034
48034
48034
48034
48034
48034
48034
48034
48034
48034
48034
48034
48034
48034
48034
48034
48034
48034
48034
48034
48034
48034
48034
48034
48034
48034
48034
48034
48034
48034
48034
48034
48034
48034
48034
48034
48034
48034
48034
48034
48034
48034
48034
48034
48034
48034
48034
48034
48034
48034
48034
48034
48034
48034
48034
48034
48034
47523
47523
47523
47523
47523
47523
47523
47523
47523
47012
47012
47012
47012
47012
47012
47012
47012
47012
47012
47012
47012
47012
47012
47012
46501
46501
46501
46501
46501
46501
46501
46501
46501
46501
46501
46501
46501
46501
46501
46501
46501
46501
46501
46501
46501
46501
46501
46501
46501
46501
46501
46501
46501
46501
46501
46501
46501
45990
45990
45990
45479
45479
45479
45479
45479
45479
45479
45479
45479
45479
45479
45479
45479
45479
45479
45479
45479
45479
45479
45479
45479
45479
45479
45479
45479
45479
45479
45479
44968
44457
44457
44457
44457
43946
43946
43946
43946
43946
43946
43946
43946
43946
43946
43435
43435
43435
43435
42413
42413
42413
42413
42413
42413
42413
42413
42413
42413
42413
42413
42413
42413
42413
42413
42413
41902
41902
41902
41902
41902
41391
41391
41391
41391
41391
41391
41391
41391
41391
41391
41391
41391
41391
41391
41391
41391
41391
41391
41391
41391
41391
41391
41391
41391
41391
41391
41391
41391
41391
41391
41391
41391
41391
41391
41391
41391
41391
41391
41391
41391
41391
41391
41391
41391
41391
41391
41391
41391
41391
41391
41391
41391
41391
41391
40880
40880
40880
40880
40880
40880
40880
40880
40880
40880
40880
40880
40880
40880
40880
40369
40369
40369
40369
40369
40369
40369
39858
39858
39858
39858
39858
39347
38836
38836
38836
38836
38836
38836
38836
38836
38325
38325
38325
38325
38325
38325
38325
38325
38325
38325
37814
37814
37814
37814
37303
37303
37303
37303
37303
37303
37303
37303
37303
37303
37303
37303
37303
37303
37303
37303
37303
37303
37303
37303
37303
37303
37303
37303
37303
37303
37303
37303
37303
37303
37303
37303
37303
37303
37303
37303
37303
37303
37303
37303
37303
37303
37303
36792
36792
36792
36792
36792
36792
36792
36792
36792
36792
36792
36792
36792
36792
36792
36792
36792
36792
36792
36792
36792
36792
36792
36792
36792
36792
36792
36792
36792
36792
36792
36792
36792
36792
36792
36792
36792
36792
36792
36792
36792
36281
36281
36281
36281
36281
36281
36281
36281
36281
36281
36281
36281
36281
36281
36281
36281
36281
36281
36281
36281
36281
36281
36281
36281
36281
36281
36281
36281
36281
36281
36281
36281
36281
36281
36281
36281
36281
36281
36281
36281
36281
36281
36281
36281
36281
36281
36281
35770
35770
35770
35770
35770
35770
35770
35770
35770
35770
35770
35770
35770
35770
35770
35770
35770
35770
35770
35770
35770
35770
35770
35770
35770
35770
35770
35770
35770
35770
35770
35259
35259
35259
35259
35259
34748
34748
34748
34748
34748
34748
34748
34748
34748
34748
34748
34748
34748
34748
34748
34748
34748
34748
34748
34748
34748
34748
34748
34748
34748
34748
34748
34748
34748
34748
34748
34748
34748
34237
34237
34237
34237
34237
34237
34237
34237
34237
34237
34237
34237
34237
34237
34237
34237
34237
33726
33726
33726
33726
33726
33726
33726
33726
33726
33726
33726
33726
33726
33726
33726
33726
33726
33726
33726
33726
33726
33726
33726
33726
33726
33726
33726
33726
33726
33726
33726
33726
33726
33215
33215
33215
33215
33215
33215
33215
33215
33215
33215
33215
33215
33215
33215
33215
33215
33215
33215
33215
33215
33215
33215
33215
33215
33215
33215
33215
33215
33215
33215
33215
33215
33215
33215
33215
33215
33215
33215
33215
33215
33215
33215
33215
33215
33215
32704
32704
32704
32704
32704
32704
32704
32704
32704
32704
32704
32704
32704
32704
32704
32704
32704
32704
32704
32704
32704
32704
32704
32704
32704
32704
32704
32704
32193
32193
32193
32193
32193
32193
32193
32193
32193
32193
31682
31682
31682
31682
31682
31682
31682
31171
31171
31171
31171
31171
31171
31171
31171
31171
31171
31171
31171
31171
31171
31171
31171
31171
31171
31171
31171
31171
31171
31171
31171
31171
31171
31171
31171
31171
31171
31171
31171
31171
31171
31171
31171
31171
31171
31171
31171
31171
31171
31171
31171
31171
31171
31171
31171
31171
31171
30660
30660
30660
30660
30660
30660
30660
30149
30149
30149
30149
30149
30149
30149
30149
30149
30149
29638
29638
29638
29638
29638
29638
29638
29127
29127
29127
29127
29127
29127
29127
29127
29127
28616
28616
28616
28616
28616
28616
28616
28616
28616
28616
28616
28616
28616
28616
28616
28616
28616
28105
28105
28105
28105
28105
28105
28105
28105
28105
28105
28105
28105
28105
28105
28105
28105
28105
28105
28105
28105
28105
28105
28105
28105
28105
28105
28105
28105
28105
28105
28105
28105
28105
28105
28105
28105
28105
28105
28105
27594
27594
27594
27594
27594
27594
27594
27594
27594
27594
27594
27594
27594
27594
27594
27594
27594
27594
27594
27083
27083
27083
27083
27083
27083
27083
27083
27083
27083
27083
27083
27083
27083
27083
27083
27083
27083
27083
27083
27083
27083
27083
27083
27083
27083
27083
27083
27083
27083
27083
27083
27083
27083
27083
27083
27083
27083
26572
26572
26572
26572
26572
26572
26572
26572
26572
26572
26572
26572
26572
26572
26572
26572
26572
26572
26572
26572
26572
26572
26572
26572
26572
26572
26572
26572
26572
26572
26572
26572
26572
26572
26572
26572
26572
26572
26572
26572
26572
26572
26572
26572
26572
26572
26572
26061
26061
26061
26061
26061
26061
26061
26061
26061
26061
26061
26061
26061
26061
26061
26061
26061
26061
26061
26061
26061
26061
26061
26061
26061
26061
26061
26061
26061
26061
26061
26061
26061
26061
26061
26061
26061
25550
25550
25550
25550
25550
25550
25550
25550
25550
25550
25550
25550
25550
25550
25550
25550
25550
25550
25550
25550
25550
25550
25550
25550
25550
25550
25550
25550
25550
24528
24528
24528
24528
24528
24528
24528
24528
24528
24528
24528
24528
24528
24528
24528
24528
24528
24528
24528
24528
24528
24528
24528
24528
24017
24017
24017
24017
24017
24017
24017
24017
24017
24017
24017
24017
24017
24017
24017
24017
24017
24017
24017
24017
24017
24017
24017
24017
24017
24017
24017
24017
24017
24017
24017
24017
24017
24017
24017
24017
24017
24017
24017
24017
24017
24017
24017
24017
24017
24017
24017
24017
24017
23506
23506
23506
23506
23506
23506
23506
23506
23506
23506
23506
23506
23506
23506
23506
23506
23506
23506
23506
23506
23506
23506
23506
23506
23506
23506
23506
22995
22995
22995
22995
22995
22995
22995
22484
22484
22484
22484
22484
22484
22484
22484
22484
22484
22484
22484
22484
22484
22484
22484
22484
22484
22484
22484
22484
22484
22484
22484
22484
22484
22484
22484
22484
22484
22484
22484
22484
22484
22484
22484
22484
22484
22484
22484
22484
22484
22484
22484
22484
22484
22484
22484
22484
22484
22484
22484
22484
22484
22484
22484
22484
22484
22484
22484
22484
22484
22484
22484
22484
22484
22484
22484
22484
22484
22484
22484
22484
22484
22484
22484
22484
22484
22484
22484
22484
22484
22484
22484
22484
22484
22484
22484
22484
22484
22484
22484
22484
22484
22484
22484
22484
22484
22484
22484
22484
22484
22484
22484
22484
22484
21973
21973
21973
21973
21973
21973
21973
21973
21973
21973
21973
21973
21973
21973
21973
21973
21973
21973
21973
21973
21973
21973
21973
21973
21462
21462
21462
21462
21462
21462
21462
21462
21462
21462
21462
21462
21462
21462
21462
21462
21462
21462
21462
21462
21462
21462
21462
21462
21462
21462
21462
21462
21462
21462
21462
21462
21462
21462
21462
21462
21462
21462
21462
21462
21462
21462
21462
21462
21462
21462
21462
21462
21462
21462
21462
21462
21462
21462
21462
21462
21462
21462
21462
21462
21462
21462
21462
21462
21462
21462
21462
21462
21462
21462
21462
21462
21462
20951
20951
20951
20951
20951
20951
20951
20951
20951
20951
20951
20951
20951
20951
20951
20951
20951
20951
20951
20951
20951
20951
20951
20951
20951
20951
20951
20951
20951
20951
20951
20951
20951
20951
20951
20951
20951
20951
20951
20951
20951
20951
20951
20951
20951
20951
20951
20951
20951
20951
20951
20951
20951
20951
20951
20951
20951
20951
20440
20440
20440
20440
20440
20440
20440
19929
19418
19418
19418
19418
19418
19418
19418
19418
19418
19418
19418
19418
19418
19418
19418
19418
19418
19418
19418
19418
19418
18907
18907
18907
18907
18907
18907
18907
18907
18907
18907
18907
18907
18907
18907
18907
18907
18907
18907
18907
18907
18396
18396
18396
18396
18396
18396
18396
18396
18396
18396
18396
18396
18396
18396
18396
18396
18396
18396
18396
17885
17885
17885
17885
17885
17885
17885
17885
17885
17885
17885
17885
17885
17885
17885
17885
17885
17374
17374
17374
17374
17374
17374
17374
17374
17374
17374
17374
17374
17374
17374
17374
17374
17374
17374
17374
17374
17374
17374
17374
17374
17374
17374
17374
17374
17374
17374
17374
17374
17374
17374
17374
17374
17374
17374
17374
16863
16863
16863
16352
16352
16352
16352
16352
16352
16352
16352
16352
16352
16352
16352
16352
16352
16352
16352
16352
16352
16352
16352
16352
16352
16352
16352
16352
16352
16352
16352
16352
16352
16352
16352
15841
15841
15841
15841
15841
15841
15841
15841
15841
15841
15841
15841
15841
15841
15841
15841
15841
15841
15841
15841
15841
15841
15841
15841
15841
15841
15841
15841
15841
15841
15841
15841
15841
15841
15841
15841
15841
15841
15841
15841
15330
15330
15330
15330
15330
15330
15330
15330
15330
15330
15330
15330
15330
15330
15330
15330
15330
15330
15330
15330
15330
15330
15330
15330
15330
15330
15330
15330
15330
15330
15330
15330
15330
15330
15330
15330
15330
15330
15330
15330
15330
15330
15330
15330
