Results/1__fc_512__1000__1.000000__1.000000_0.000000_1.100000_0.000000___#1.txt 
123662
110427
95505
87329
79256
72102
66838
59633
56210
53144
50486
49209
48545
45938
44150
42361
41595
37609
36996
35463
35259
35259
35003
33368
32397
32193
32193
31835
31682
31682
31222
30097
29638
29127
29024
28258
28105
28105
27287
27083
26827
25805
24987
24221
23506
22892
22484
22177
21768
21002
20951
20951
20951
20491
20440
20440
20440
19571
19418
19060
18651
17885
17782
17322
16096
15125
14665
14308
14001
13797
13797
13388
13286
13286
13081
12672
12264
11957
11753
11599
11242
11242
11242
