Results: 
1937
1720
1574
1523
1484
1437
1426
1404
1385
1352
1345
1336
1328
1324
1332
1332
1332
1332
1332
1332
1332
1332
1332
1332
1332
1332
1339
1333
1309
1305
1308
1308
1308
1308
1308
1308
1308
1308
1308
1308
1308
1308
1308
1308
1308
1308
1308
1308
1300
1275
1255
1250
1238
1224
1248
1244
1261
1281
1278
1278
1278
1278
1278
1278
1278
1278
1278
1278
1278
1278
1278
1297
1292
1281
1278
1281
1277
1273
1273
1273
1273
1273
1273
1273
1273
1273
1273
1273
1273
1273
1273
1273
1273
1273
1251
1271
1263
1271
1267
1271
1267
1271
1267
1271
1267
1271
1267
1271
1267
1271
1267
1271
1267
1271
1267
1262
1253
1259
1300
1281
1289
1281
1289
1289
1294
1294
1302
1298
1302
1298
1302
1298
1302
1298
1302
1298
1302
1331
1356
1364
1363
1363
1363
1363
1363
1363
1363
1363
1363
1363
1363
1363
1363
1363
1363
1363
1363
1363
1363
1330
1343
1342
1339
1343
1339
1343
1339
1343
1339
1343
1339
1343
1339
1343
1339
1343
1339
1343
1339
1343
1339
1354
1353
1350
1349
1350
1349
1350
1349
1350
1349
1350
1349
1350
1349
1350
1349
1350
1349
1350
1349
1350
1349
1350
1326
1317
1305
1304
1304
1308
1304
1308
1304
1308
1304
1308
1304
1308
1304
1308
1304
1308
1304
1308
1304
1308
1304
1307
1350
1354
1358
1362
1366
1366
1366
1366
1366
1366
1366
1366
1366
1366
1366
1366
1366
1366
1366
1366
1366
1366
1406
1404
1416
1416
1420
1416
1416
1416
1416
1416
1416
1416
1416
1416
1416
1416
1416
1416
1416
1416
1416
1416
1416
1455
1443
1435
1459
1459
1456
1452
1442
1442
1438
1438
1438
1438
1438
1438
1438
1438
1438
1438
1438
1438
1438
1438
1432
1442
1454
1446
1465
1458
1449
1433
1417
1421
1429
1433
1425
1433
1425
1433
1425
1433
1425
1433
1425
1433
1425
1433
1469
1458
1459
1463
1459
1467
1471
1471
1471
1471
1471
1471
1471
1471
1471
1471
1471
1471
1471
1471
1489
1477
1489
1497
1497
1497
1497
1497
1497
1497
1497
1497
1497
1497
1497
1497
1497
1497
1497
1497
1497
1497
1497
1524
1537
1561
1549
1529
1516
1516
1500
1500
1496
1496
1496
1496
1496
1496
1496
1496
1496
1496
1496
1496
1496
1506
1547
1547
1543
1547
1535
1535
1535
1535
1535
1535
1535
1535
1535
1535
1535
1535
1535
1535
1535
1535
1535
1554
1558
1579
1599
1611
1614
1614
1614
1614
1614
1614
1614
1614
1614
1614
1614
1614
1614
1614
1614
1614
1614
1614
1614
1613
1606
1610
1605
1598
1606
1606
1606
1606
1606
1606
1606
1617
1625
1629
1629
1629
1629
1629
1629
1629
1629
1629
1629
1629
1629
1629
1629
1629
1629
1629
1629
1660
1618
1662
1669
1669
1677
1700
1712
1696
1735
1720
1741
1728
1737
1728
1733
1728
1736
1728
1736
1728
1736
1782
1802
1799
1812
1812
1817
1817
1825
1834
1839
1824
1827
1827
1826
1826
1830
1830
1830
1826
1838
1838
1845
1821
1805
1809
1813
1813
1813
1813
1813
1813
1813
1813
1813
1813
1813
1813
1813
1813
1813
1813
1813
1813
1813
1794
1801
1813
1829
1821
1821
1821
1821
1821
1821
1821
1821
1821
1821
1821
1821
1821
1821
1821
1821
1821
1821
1821
1815
1823
1816
1808
1808
1812
1808
1812
1808
1812
1808
1812
1808
1812
1808
1812
1808
1812
1808
1812
1808
1812
1808
1801
1798
1799
1822
1822
1822
1822
1822
1822
1822
1822
1822
1822
1822
1822
1822
1822
1822
1822
1822
1822
1822
1822
1822
1844
1848
1880
1873
1876
1876
1876
1876
1876
1876
1876
1876
1876
1876
1876
1876
1876
1876
1876
1876
1876
1876
1876
1876
1893
1882
1883
1879
1896
1895
1888
1891
1891
1891
1891
1891
1891
1891
1891
1891
1891
1891
1891
1891
1891
1891
1887
1907
1914
1907
1927
1919
1908
1898
1902
1902
1902
1902
1902
1902
1902
1902
1902
1902
1902
1902
1902
1902
1902
1902
1892
1898
1910
1914
1914
1914
1914
1914
1914
1914
1914
1914
1914
1914
1914
1914
1914
1914
1914
1914
1914
1914
1914
1953
1923
1935
1925
1918
1906
1924
1952
1939
1956
1948
1977
1957
1976
1956
1976
1956
1976
1956
1976
1956
1976
1956
1976
1994
2009
1986
1983
1994
2007
2018
2015
2023
2023
2023
2023
2023
2023
2023
2023
2023
2023
2023
2023
2023
2023
2023
2023
2006
1997
1989
1993
1993
2013
2016
2012
2012
2012
2012
2012
2012
2012
2012
2012
2012
2012
2012
2012
2012
2012
2012
2012
2040
2035
2031
2031
2031
2031
2031
2031
2031
2031
2031
2031
2031
2031
2031
2031
2031
2031
2031
2031
2031
2031
2031
2034
2033
2013
2048
2048
2048
2048
2052
2056
2056
2056
2056
2056
2056
2056
2056
2056
2056
2056
2056
2056
2056
2056
2056
2057
2032
2042
2052
2051
2048
2048
2048
2048
2048
2048
2048
2048
2048
2048
2048
2048
2048
2048
2048
2048
2048
2048
2048
2088
2072
2086
2081
2093
2085
2089
2093
2089
2093
2089
2093
2089
2093
2089
2093
2089
2093
2089
2093
2089
2093
2089
2138
2145
2150
2162
2144
2188
2205
2197
2185
2212
2200
2208
2196
2212
2200
2208
2196
2212
2200
2208
2196
2212
2200
2208
2222
2220
2256
2248
2240
2245
2245
2245
2245
2245
2245
2245
2245
2245
2245
2245
2245
2245
2245
2245
2245
2245
2245
2240
2212
2210
2234
2240
2247
2258
2273
2273
2273
2273
2273
2273
2273
2273
2273
2273
2273
2273
2273
2273
2273
2273
2273
2253
2275
2297
2297
2299
2292
2295
2295
2295
2295
2295
2295
2295
2295
2295
2295
2295
2295
2295
2295
2295
2295
2295
2288
2276
2264
2263
2259
2259
2259
2259
2259
2259
2259
2259
2259
2259
2259
2259
2259
2259
2259
2259
2259
2259
2259
2259
2280
2291
2290
2290
2290
2296
2307
2321
2314
2313
2313
2313
2313
2313
2313
2313
2313
2313
2313
2313
2313
2313
2313
2343
2370
2363
2376
2385
2388
2395
2395
2395
2395
2395
2395
2395
2395
2395
2395
2395
2395
2395
2395
2395
2395
2395
2395
2381
2354
2358
2374
2374
2355
2355
2351
2355
2355
2355
2355
2355
2355
2355
2355
2355
2355
2355
2355
2355
2355
2355
2355
2355
2391
2387
2381
2398
2397
2381
2387
2385
2385
2385
2385
2385
2385
2385
2385
2385
2385
2385
2385
2385
2385
2385
2362
2384
2392
2384
2392
2381
2388
2388
2388
2388
2388
2388
2388
2388
2388
2388
2388
2388
2388
2388
2388
2388
2388
2388
2394
2389
2384
2384
2400
2389
2393
2393
2393
2393
2393
2393
2393
2393
2393
2393
2393
2393
2393
2393
2393
2393
2393
2393
2405
2433
2442
2415
2415
2411
2419
2427
2427
2419
2419
2419
2419
2419
2419
2419
2419
2419
2419
2419
2419
2419
2419
2416
2413
2409
2420
2416
2411
2407
2407
2407
2407
2407
2407
2407
2407
2407
2407
2407
2407
2407
2407
2407
2407
2407
2407
2398
2402
2397
2412
2427
2446
2436
2443
2443
2436
2443
2443
2436
2443
2443
2436
2443
2443
2436
2443
2443
2436
2443
2422
2427
2438
2453
2449
2460
2460
2466
2481
2477
2477
2477
2477
2477
2477
2477
2477
2477
2477
2477
2477
2477
2477
2448
2459
2463
2451
2438
2445
2413
2422
2438
2430
2422
2423
2426
2423
2426
2423
2426
2423
2426
2423
2426
2423
2426
2417
2420
2449
2445
2438
2438
2436
2428
2436
2432
2440
2420
2425
2429
2438
2438
2441
2448
2452
2445
2448
2445
2448
2408
2432
2428
2455
2451
2451
2451
2451
2451
2451
2451
2451
2451
2451
2451
2451
2451
2451
2451
2451
2451
2451
2451
2451
2459
2455
2460
2465
2458
2464
2460
2464
2460
2464
2460
2464
2460
2464
2460
2464
2460
2464
2460
2464
2460
2464
2444
2464
2460
2478
2505
2498
2490
2490
2490
2490
2490
2490
2490
2490
2490
2490
2490
2490
2490
2490
2490
2490
2490
2490
2468
2462
2463
2455
2446
2426
2430
2440
2441
2435
2439
2439
2439
2439
2439
2439
2439
2439
2439
2439
2439
2439
2439
2439
2467
2430
2437
2437
2441
2441
2441
2441
2441
2441
2441
2441
2441
2441
2441
2441
2441
2441
2441
2441
2441
2441
2441
2443
2431
2436
2426
2439
2435
2439
2435
2439
2435
2439
2435
2439
2435
2439
2435
2439
2435
2439
2435
2439
2435
2439
2443
2443
2460
2436
2431
2428
2432
2432
2432
2432
2432
2432
2432
2432
2432
2432
2432
2432
2432
2432
2432
2432
2432
2413
2420
2433
2457
2466
2449
2465
2461
2461
2461
2461
2461
2461
2461
2461
2461
2461
2461
2461
2461
2461
2461
2461
2461
2460
2451
2444
2447
2451
2451
2451
2451
2451
2451
2451
2451
2451
2451
2451
2451
2451
2451
2451
2451
2451
2451
2451
2444
2442
2430
2446
2457
2461
2461
2461
2461
2461
2461
2461
2461
2461
2461
2461
2461
2461
2461
2461
2461
2461
2461
2487
2495
2499
2495
2499
2499
2499
2499
2499
2499
2499
2499
2499
2499
2499
2499
2499
2499
2499
2499
2499
2499
2499
2483
2489
2481
2485
2485
2485
2485
2485
2485
2485
2485
2485
2485
2485
2485
2485
2485
2485
2485
2485
2485
2485
2485
2485
2541
2528
2533
2544
2531
2524
2512
2525
2509
2521
2509
2521
2509
2521
2509
2521
2509
2521
2509
2521
2509
2521
2509
2521
2520
2532
2513
2542
2518
2514
2534
2542
2535
2539
2539
2539
2539
2539
2539
2539
2539
2539
2539
2539
2539
2539
2539
2570
2558
2550
2539
2547
2547
2550
2550
2550
2550
2550
2550
2550
2550
2550
2550
2550
2550
2550
2550
2550
2550
2550
2533
2514
2530
2514
2518
2510
2510
2510
2510
2510
2510
2510
2510
2510
2510
2510
2510
2510
2510
2510
2510
2510
2510
2510
2566
2578
2577
2584
2577
2584
2577
2584
2577
2584
2577
2584
2577
2584
2577
2584
2577
2584
2577
2584
2577
2584
2577
2589
2601
2600
2593
2597
2585
2582
2585
2585
2585
2585
2585
2585
2585
2585
2585
2585
2585
2585
2585
2585
2585
2585
2572
2593
2589
2577
2578
2582
2586
2582
2586
2582
2586
2582
2586
2582
2586
2582
2586
2582
2586
2582
2586
2582
2586
2591
2581
2574
2567
2571
2567
2571
2567
2571
2567
2571
2567
2571
2567
2571
2567
2571
2567
2571
2567
2571
2567
2571
2618
2608
2599
2591
2596
2584
2584
2584
2584
2584
2584
2584
2584
2584
2584
2584
2584
2584
2584
2584
2584
2584
2584
2584
2624
2633
2645
2629
2625
2629
2630
2634
2618
2614
2614
2614
2614
2614
2614
2614
2614
2614
2614
2614
2614
2614
2614
2608
2608
2612
2612
2612
2612
2612
2612
2612
2612
2612
2612
2612
2612
2612
2612
2612
2612
2612
2612
2612
2612
2612
2612
2607
2626
2594
2586
2602
2594
2594
2594
2594
2594
2594
2594
2594
2594
2594
2594
2594
2594
2594
2594
2594
2594
2588
2589
2601
2597
2601
2601
2601
2601
2601
2601
2601
2601
2601
2601
2601
2601
2601
2601
2601
2601
2601
2601
2601
2630
2637
2637
2637
2637
2637
2637
2637
2637
2637
2637
2637
2637
2637
2637
2637
2637
2637
2637
2637
2637
2637
2637
2637
2612
2604
2633
2627
2650
2643
2648
2647
2651
2651
2651
2651
2651
2651
2651
2651
2651
2651
2651
2651
2651
2651
2651
2665
2648
2653
2661
2661
2661
2661
2661
2661
2661
2661
2661
2661
2661
2661
2661
2661
2661
2661
2661
2661
2661
2648
2651
2660
2659
2656
2644
2632
2631
2631
2631
2631
2631
2631
2631
2631
2631
2631
2631
2631
2631
2631
2631
2631
2604
2600
2615
2632
2624
2628
2624
2628
2624
2628
2624
2628
2624
2628
2624
2628
2624
2628
2624
2628
2624
2628
2624
2630
2650
2670
2658
2661
2661
2661
2661
2661
2661
2661
2661
2661
2661
2661
2661
2661
2661
2661
2661
2661
2661
2661
2691
2680
2696
2696
2700
2700
2704
2696
2700
2700
2704
2696
2700
2700
2704
2696
2700
2700
2704
2696
2700
2700
2704
2664
2682
2678
2678
2678
2678
2678
2678
2678
2678
2678
2678
2678
2678
2678
2678
2678
2678
2678
2678
2678
2678
2678
2678
2652
2651
2655
2659
2659
2659
2659
2659
2659
2659
2659
2659
2659
2659
2659
2659
2659
2659
2659
2659
2659
2659
2659
2656
2668
2660
2664
2648
2660
2668
2668
2672
2668
2672
2668
2672
2668
2672
2668
2672
2668
2672
2668
2672
2668
2672
2668
2676
2672
2660
2645
2641
2645
2645
2645
2645
2645
2645
2645
2645
2645
2645
2645
2645
2645
2645
2645
2645
2645
2692
2711
2726
2711
2715
2715
2719
2715
2719
2715
2719
2715
2719
2715
2719
2715
2719
2715
2719
2715
2719
2715
2719
2715
2743
2723
2719
2723
2723
2723
2723
2723
2723
2723
2723
2723
2723
2723
2723
2723
2723
2723
2723
2723
2723
2723
2723
2766
2742
2746
2746
2746
2746
2746
2746
2746
2746
2746
2746
2746
2746
2746
2746
2746
2746
2746
2746
2746
2746
2746
2746
2717
2733
2727
2736
2740
2744
2740
2740
2740
2740
2740
2740
2740
2740
2740
2740
2740
2740
2740
2740
2740
2740
2740
2734
2718
2722
2722
2722
2722
2722
2722
2722
2722
2722
2722
2722
2722
2722
2722
2722
2722
2722
2722
2722
2722
2722
2694
2692
2692
2677
2699
2699
2699
2699
2699
2699
2699
2699
2699
2699
2699
2699
2699
2699
2699
2699
2699
2699
2699
2699
2708
2716
2720
2716
2725
2725
2725
2725
2725
2725
2725
2725
2725
2725
2725
2725
2725
2725
2725
2725
2725
2725
2725
2694
2715
2703
2723
2719
2731
2731
2735
2727
2726
2726
2726
2726
2726
2726
2726
2726
2726
2726
2726
2726
2726
2726
2739
2747
2751
2751
2751
2751
2751
2751
2751
2751
2751
2751
2751
2751
2751
2751
2751
2751
2751
2751
2751
2751
2751
2762
2771
2771
2766
2794
2794
2798
2794
2794
2794
2794
2794
2794
2794
2794
2794
2794
2794
2794
2794
2794
2794
2752
2744
2748
2732
2728
2724
2731
2731
2731
2731
2731
2731
2731
2731
2731
2731
2731
2731
2731
2731
2731
2731
2731
2753
2748
2737
2730
2741
2743
2747
2751
2751
2751
2751
2751
2751
2751
2751
2751
2751
2751
2751
2751
2751
2751
2751
2735
2734
2746
2738
2730
2734
2734
2734
2734
2734
2734
2734
2734
2734
2734
2734
2734
2734
2734
2734
2734
2734
2734
2729
2746
2750
2750
2750
2750
2750
2750
2750
2750
2750
2750
2750
2750
2750
2750
2750
2750
2750
2750
2750
2750
2750
2774
2754
2746
2726
2719
2723
2723
2719
2711
2719
2719
2719
2719
2719
2719
2719
2719
2719
2719
2719
2719
2719
2719
2731
2760
2772
2771
2767
2764
2771
2768
2756
2756
2756
2756
2756
2756
2756
2756
2756
2756
2756
2756
2756
2756
2756
2785
2784
2788
2784
2784
2783
2783
2783
2783
2783
2783
2783
2783
2783
2783
2783
2783
2783
2783
2783
2783
2783
2783
2783
2808
2813
2817
2793
2801
2794
2793
2789
2782
2782
2786
2786
2786
2786
2786
2786
2786
2786
2786
2786
2786
2786
2786
2777
2762
2737
2742
2742
2746
2746
2746
2746
2746
2746
2746
2746
2746
2746
2746
2746
2746
2746
2746
2746
2746
2746
2735
2753
2753
2753
2753
2753
2753
2753
2753
2753
2753
2753
2753
2753
2753
2753
2753
2753
2753
2761
2785
2784
2781
2784
2778
2778
2793
2789
2789
2789
2789
2789
2789
2789
2789
2789
2789
2789
2789
2789
2789
2789
2783
2784
2776
2784
2796
2784
2784
2784
2784
2784
2784
2784
2784
2784
2784
2784
2784
2784
2784
2784
2784
2773
2761
2772
2773
2785
2780
2784
2788
2795
2792
2792
2792
2792
2792
2792
2792
2792
2792
2792
2792
2792
2792
2792
2767
2763
2767
2771
2771
2771
2771
2771
2771
2771
2771
2771
2771
2771
2771
2771
2771
2771
2771
2771
2771
2758
2771
2767
2763
2767
2767
2767
2767
2767
2767
2767
2767
2767
2767
2767
2767
2767
2767
2767
2767
2767
2767
2764
2764
2776
2760
2744
2752
2752
2752
2752
2752
2752
2752
2752
2752
2752
2752
2752
2752
2752
2752
2752
2752
2752
2785
2773
2792
2792
2792
2792
2792
2792
2792
2792
2792
2792
2792
2792
2792
2792
2792
2792
2792
2792
2792
2792
2797
2811
2831
2839
2827
2831
2831
2831
2831
2831
2831
2831
2831
2831
2831
2831
2831
2831
2831
2831
2831
2831
2827
2819
2804
2792
2796
2788
2788
2788
2788
2784
2784
2784
2784
2784
2784
2784
2784
2784
2784
2784
2784
2784
2784
2796
2790
2794
2790
2794
2790
2794
2790
2794
2790
2794
2790
2794
2790
2794
2790
2794
2790
2794
2790
2794
2790
2810
2818
2814
2827
2815
2803
2807
2807
2807
2807
2807
2807
2807
2807
2807
2807
2807
2807
2807
2807
2807
2807
2807
2827
2830
2831
2826
2826
2825
2817
2821
2816
2824
2820
2820
2816
2820
2816
2820
2816
2820
2816
2820
2816
2820
2826
2813
2831
2837
2830
2834
2834
2834
2834
2834
2834
2834
2834
2834
2834
2834
2834
2834
2834
2834
2834
2834
2834
2830
2838
2826
2818
2850
2849
2833
2830
2834
2826
2830
2830
2830
2830
2830
2830
2830
2830
2830
2830
2830
2830
2830
2821
2841
2806
2810
2814
2806
2806
2806
2806
2806
2806
2806
2806
2806
2806
2806
2806
2806
2806
2823
2803
2811
2815
2815
2815
2815
2815
2815
2815
2815
2815
2815
2815
2815
2815
2815
2825
2811
2823
2823
2819
2823
2819
2823
2819
2823
2819
2823
2819
2837
2814
2826
2814
2822
2810
2818
2810
2818
2810
2818
2810
2818
2810
2818
2810
2818
2810
2818
2813
2809
2802
2778
2769
2762
2773
2769
2773
2773
2773
2773
2773
2773
2773
2773
2773
2773
2773
2773
2773
2773
2773
2792
2808
2815
2815
2807
2807
2807
2811
2807
2811
2807
2811
2807
2811
2807
2811
2807
2811
2807
2811
2807
2811
2816
2790
2798
2810
2822
2810
2826
2826
2826
2826
2826
2826
2826
2826
2826
2826
2826
2826
2826
2826
2826
2826
