Results: 
2048
1775
1666
1638
1599
1584
1568
1552
1544
1548
1552
1552
1552
1552
1552
1552
1552
1552
1552
1552
1552
1552
1552
1552
1552
1522
1486
1469
1454
1448
1455
1458
1455
1455
1455
1455
1455
1455
1455
1455
1455
1455
1455
1455
1455
1455
1455
1425
1401
1394
1382
1374
1363
1332
1339
1307
1312
1316
1308
1308
1308
1308
1308
1308
1308
1308
1308
1308
1308
1308
1291
1295
1295
1295
1295
1295
1295
1295
1295
1295
1295
1295
1295
1295
1295
1295
1295
1295
1295
1295
1295
1295
1295
1284
1277
1309
1309
1305
1309
1309
1309
1309
1309
1309
1309
1309
1309
1309
1309
1309
1309
1309
1309
1309
1292
1266
1293
1277
1293
1297
1297
1297
1297
1297
1297
1297
1297
1297
1297
1297
1297
1297
1297
1297
1297
1297
1274
1249
1252
1249
1265
1253
1253
1261
1249
1250
1250
1254
1250
1254
1250
1254
1250
1254
1250
1254
1250
1254
1261
1253
1253
1249
1249
1249
1249
1249
1249
1249
1249
1249
1249
1249
1249
1249
1249
1249
1249
1249
1249
1249
1264
1277
1281
1281
1281
1281
1281
1281
1281
1281
1281
1281
1281
1281
1281
1281
1281
1281
1281
1281
1281
1281
1281
1257
1257
1252
1248
1248
1248
1248
1248
1248
1248
1248
1248
1248
1248
1248
1248
1248
1248
1248
1248
1248
1248
1248
1274
1256
1299
1311
1311
1311
1311
1311
1311
1311
1311
1311
1311
1311
1311
1311
1311
1311
1311
1311
1311
1311
1311
1312
1312
1312
1312
1312
1312
1312
1312
1312
1312
1312
1312
1312
1312
1312
1312
1312
1312
1312
1312
1312
1312
1312
1304
1310
1306
1326
1333
1329
1333
1329
1333
1329
1333
1329
1333
1329
1333
1329
1333
1329
1333
1329
1333
1329
1333
1330
1327
1308
1313
1317
1317
1317
1317
1317
1317
1317
1317
1317
1317
1317
1317
1317
1317
1317
1317
1317
1317
1317
1338
1331
1359
1363
1368
1364
1360
1360
1360
1360
1360
1360
1360
1360
1360
1360
1360
1360
1360
1360
1360
1389
1384
1371
1391
1379
1383
1380
1380
1380
1380
1380
1380
1380
1380
1380
1380
1380
1380
1380
1380
1380
1380
1387
1387
1389
1414
1402
1410
1410
1410
1410
1410
1410
1410
1410
1410
1410
1410
1410
1410
1410
1410
1410
1410
1410
1426
1426
1410
1430
1430
1426
1422
1422
1422
1422
1422
1422
1422
1422
1422
1422
1422
1422
1422
1422
1422
1422
1421
1424
1436
1444
1440
1444
1440
1444
1440
1444
1440
1444
1440
1444
1440
1444
1440
1444
1440
1444
1440
1444
1440
1425
1421
1414
1418
1418
1418
1418
1418
1418
1418
1418
1418
1418
1421
1421
1416
1392
1392
1396
1392
1396
1392
1396
1392
1396
1392
1396
1392
1396
1392
1396
1392
1396
1393
1400
1380
1404
1404
1404
1404
1404
1404
1404
1404
1404
1404
1404
1404
1404
1404
1404
1404
1404
1404
1418
1430
1434
1430
1430
1430
1430
1430
1430
1430
1430
1430
1430
1430
1430
1430
1430
1430
1430
1430
1430
1442
1454
1475
1474
1470
1470
1470
1470
1470
1470
1470
1470
1470
1470
1470
1470
1470
1470
1470
1470
1470
1470
1470
1469
1473
1461
1457
1453
1457
1457
1457
1457
1457
1457
1457
1457
1457
1457
1457
1457
1457
1457
1457
1457
1457
1457
1437
1433
1437
1437
1437
1437
1437
1437
1437
1437
1437
1437
1437
1437
1437
1437
1437
1437
1437
1437
1437
1437
1437
1437
1430
1431
1438
1442
1442
1442
1442
1442
1442
1442
1442
1442
1442
1442
1442
1442
1442
1442
1442
1442
1442
1442
1442
1464
1456
1464
1460
1464
1460
1464
1460
1464
1460
1464
1460
1464
1460
1464
1460
1464
1460
1464
1460
1464
1460
1464
1460
1469
1469
1481
1489
1485
1485
1485
1485
1485
1485
1485
1485
1485
1485
1485
1485
1485
1485
1485
1485
1485
1485
1485
1481
1510
1506
1510
1510
1510
1510
1510
1510
1510
1510
1510
1510
1510
1510
1510
1510
1510
1510
1510
1510
1510
1510
1516
1488
1499
1500
1500
1500
1500
1500
1500
1500
1500
1500
1500
1500
1500
1500
1500
1500
1500
1500
1500
1500
1500
1500
1522
1530
1517
1509
1501
1505
1501
1505
1505
1505
1505
1505
1505
1505
1505
1505
1505
1505
1505
1505
1505
1505
1505
1538
1561
1577
1590
1578
1574
1568
1568
1568
1568
1568
1568
1568
1568
1568
1568
1568
1568
1568
1568
1568
1568
1568
1568
1560
1572
1564
1578
1581
1585
1585
1585
1585
1585
1585
1585
1585
1585
1585
1585
1585
1585
1585
1585
1585
1585
1585
1585
1617
1619
1618
1618
1618
1618
1618
1618
1618
1618
1618
1618
1618
1618
1618
1618
1618
1618
1618
1618
1618
1618
1618
1641
1631
1648
1663
1659
1659
1659
1659
1659
1659
1659
1659
1659
1659
1659
1659
1659
1659
1659
1659
1659
1659
1659
1659
1660
1669
1670
1681
1681
1681
1681
1681
1681
1681
1681
1681
1681
1681
1681
1681
1681
1681
1681
1681
1681
1681
1681
1681
1662
1655
1648
1653
1669
1665
1665
1665
1665
1665
1665
1665
1665
1665
1665
1665
1665
1665
1665
1665
1665
1665
1665
1665
1677
1695
1692
1700
1696
1692
1691
1691
1688
1688
1688
1688
1688
1688
1688
1688
1688
1688
1688
1688
1688
1688
1688
1720
1709
1724
1723
1739
1757
1753
1746
1758
1754
1762
1754
1762
1754
1762
1754
1762
1754
1762
1754
1762
1754
1762
1754
1740
1735
1743
1747
1750
1746
1750
1754
1754
1754
1754
1754
1754
1754
1754
1754
1754
1754
1754
1754
1754
1754
1754
1709
1726
1726
1738
1726
1726
1725
1725
1725
1725
1725
1725
1725
1725
1725
1725
1725
1725
1725
1725
1725
1725
1725
1725
1749
1761
1762
1755
1758
1777
1763
1763
1763
1763
1763
1763
1763
1763
1763
1763
1763
1763
1763
1763
1763
1763
1763
1802
1800
1790
1775
1775
1779
1775
1775
1775
1775
1775
1775
1775
1775
1775
1775
1775
1775
1775
1775
1775
1775
1775
1775
1767
1786
1782
1778
1778
1778
1778
1778
1778
1778
1778
1778
1778
1778
1778
1778
1778
1778
1778
1778
1778
1778
1778
1768
1792
1808
1808
1808
1808
1808
1808
1808
1808
1808
1808
1808
1808
1808
1808
1808
1808
1808
1808
1808
1808
1808
1808
1829
1815
1831
1824
1812
1820
1820
1820
1820
1820
1820
1820
1820
1820
1820
1820
1820
1820
1820
1820
1820
1820
1820
1820
1815
1816
1827
1811
1796
1795
1800
1796
1796
1796
1796
1796
1796
1796
1796
1796
1796
1796
1796
1796
1796
1796
1796
1800
1803
1807
1803
1803
1803
1803
1803
1803
1803
1803
1803
1803
1803
1803
1803
1803
1803
1803
1803
1803
1803
1803
1803
1846
1848
1852
1847
1843
1847
1843
1847
1843
1847
1843
1847
1843
1847
1843
1847
1843
1847
1843
1847
1843
1847
1843
1847
1867
1859
1872
1876
1876
1866
1872
1868
1872
1868
1872
1868
1872
1868
1872
1868
1872
1868
1872
1868
1872
1868
1872
1850
1859
1866
1890
1922
1922
1922
1922
1922
1922
1922
1922
1922
1922
1922
1922
1922
1922
1922
1922
1922
1922
1922
1916
1896
1912
1924
1928
1928
1936
1932
1932
1928
1928
1924
1928
1924
1928
1924
1928
1924
1928
1924
1928
1924
1928
1924
1920
1923
1923
1927
1927
1927
1927
1927
1927
1927
1927
1927
1927
1927
1927
1927
1927
1927
1927
1927
1927
1927
1927
1918
1931
1927
1931
1927
1931
1927
1931
1927
1931
1927
1931
1927
1931
1927
1931
1927
1931
1927
1931
1927
1931
1984
1996
2012
2012
2012
2012
2012
2012
2012
2012
2012
2012
2012
2012
2012
2012
2012
2012
2012
2012
2012
2012
2012
2012
2001
2017
2014
2010
2014
2010
2014
2010
2014
2010
2014
2010
2014
2010
2014
2010
2014
2010
2014
2010
2014
2010
2002
2029
2033
2041
2045
2045
2045
2045
2045
2045
2045
2045
2045
2045
2045
2045
2045
2045
2045
2045
2045
2045
2045
2045
2045
2037
2037
2048
2056
2056
2056
2056
2056
2056
2056
2056
2056
2056
2056
2056
2056
2056
2056
2056
2056
2056
2056
2056
2059
2067
2067
2067
2067
2067
2067
2067
2067
2067
2067
2067
2067
2067
2067
2067
2067
2067
2067
2067
2067
2067
2067
2067
2075
2091
2070
2102
2115
2122
2126
2130
2126
2107
2107
2111
2107
2111
2107
2111
2107
2111
2107
2111
2107
2111
2107
2112
2101
2117
2130
2122
2122
2122
2122
2122
2122
2122
2122
2122
2122
2122
2122
2122
2122
2122
2122
2122
2122
2122
2156
2158
2144
2158
2166
2146
2150
2150
2150
2150
2150
2150
2150
2150
2150
2150
2150
2150
2150
2150
2150
2150
2150
2115
2131
2155
2147
2135
2147
2147
2147
2147
2147
2147
2147
2147
2147
2147
2147
2147
2147
2147
2147
2147
2147
2147
2166
2198
2205
2213
2237
2209
2197
2197
2193
2197
2193
2197
2193
2197
2193
2197
2193
2197
2193
2197
2193
2197
2193
2210
2219
2215
2199
2199
2215
2231
2227
2239
2239
2239
2239
2239
2239
2239
2239
2239
2239
2239
2239
2239
2239
2239
2239
2224
2200
2188
2180
2196
2200
2204
2200
2200
2200
2200
2200
2200
2200
2200
2200
2200
2200
2200
2200
2200
2200
2200
2191
2175
2175
2167
2155
2147
2152
2159
2159
2159
2159
2159
2159
2159
2159
2159
2159
2159
2159
2159
2159
2159
2159
2159
2199
2193
2193
2186
2201
2205
2205
2205
2205
2205
2205
2205
2205
2205
2205
2205
2205
2205
2205
2205
2205
2205
2205
2223
2231
2223
2219
2211
2219
2219
2219
2219
2219
2219
2219
2219
2219
2219
2219
2219
2219
2219
2219
2219
2219
2219
2236
2251
2249
2262
2262
2262
2262
2262
2262
2262
2262
2262
2262
2262
2262
2262
2262
2262
2262
2262
2262
2262
2262
2262
2260
2284
2282
2286
2282
2286
2282
2286
2282
2286
2282
2286
2282
2286
2282
2286
2282
2286
2282
2286
2282
2286
2282
2303
2286
2278
2282
2282
2270
2295
2291
2291
2291
2291
2291
2291
2291
2291
2291
2291
2291
2291
2291
2291
2291
2291
2281
2317
2333
2305
2308
2306
2314
2317
2311
2314
2314
2314
2314
2314
2314
2314
2314
2314
2314
2314
2314
2314
2314
2307
2273
2288
2285
2292
2289
2292
2289
2292
2289
2292
2289
2292
2289
2292
2289
2292
2289
2292
2289
2292
2289
2292
2289
2304
2328
2303
2275
2283
2280
2273
2276
2280
2268
2268
2268
2268
2268
2268
2268
2268
2268
2268
2268
2268
2268
2268
2264
2257
2257
2253
2253
2253
2253
2253
2253
2253
2253
2253
2253
2253
2253
2253
2253
2253
2253
2253
2253
2253
2253
2265
2305
2325
2318
2322
2322
2322
2322
2322
2322
2322
2322
2322
2322
2322
2322
2322
2322
2322
2322
2322
2322
2322
2322
2346
2335
2331
2339
2335
2335
2335
2335
2335
2335
2335
2335
2335
2335
2335
2335
2335
2335
2335
2335
2335
2335
2335
2352
2344
2358
2350
2358
2358
2358
2358
2358
2358
2358
2358
2358
2358
2358
2358
2358
2358
2358
2358
2358
2358
2358
2370
2390
2390
2386
2383
2383
2383
2383
2383
2383
2383
2383
2383
2383
2383
2383
2383
2383
2383
2383
2383
2383
2383
2388
2375
2384
2381
2377
2374
2386
2382
2386
2382
2386
2382
2386
2382
2386
2382
2386
2382
2386
2382
2386
2382
2386
2411
2407
2418
2414
2418
2418
2418
2418
2418
2418
2418
2418
2418
2418
2418
2418
2418
2418
2418
2418
2418
2418
2418
2417
2434
2418
2418
2430
2437
2437
2437
2437
2437
2437
2437
2437
2437
2437
2437
2437
2437
2437
2437
2437
2437
2437
2438
2431
2440
2436
2443
2442
2436
2436
2436
2436
2436
2436
2436
2436
2436
2436
2436
2436
2436
2436
2436
2436
2421
2429
2429
2413
2409
2409
2409
2409
2409
2409
2409
2409
2409
2409
2409
2409
2409
2409
2409
2409
2409
2409
2409
2409
2421
2416
2412
2416
2416
2416
2416
2416
2416
2416
2416
2416
2416
2416
2416
2416
2416
2416
2416
2416
2416
2416
2416
2424
2409
2429
2421
2432
2436
2436
2436
2436
2436
2436
2436
2436
2436
2436
2436
2436
2436
2436
2436
2436
2436
2436
2436
2419
2415
2454
2463
2453
2437
2436
2456
2459
2459
2459
2459
2459
2459
2459
2459
2459
2459
2459
2459
2459
2459
2459
2467
2459
2467
2476
2480
2494
2493
2494
2493
2494
2493
2494
2493
2494
2493
2494
2493
2494
2493
2494
2493
2494
2493
2494
2498
2506
2502
2502
2502
2502
2502
2502
2502
2502
2502
2502
2502
2502
2502
2502
2502
2502
2502
2502
2502
2505
2529
2545
2541
2541
2541
2541
2541
2541
2541
2541
2541
2541
2541
2541
2541
2541
2541
2541
2541
2541
2541
2541
2541
2520
2516
2508
2532
2555
2556
2542
2550
2540
2555
2555
2559
2555
2559
2555
2559
2555
2559
2555
2559
2555
2559
2555
2572
2580
2569
2565
2569
2569
2569
2569
2569
2569
2569
2569
2569
2569
2569
2569
2569
2569
2569
2569
2569
2569
2569
2569
2548
2560
2563
2559
2567
2559
2563
2563
2563
2563
2563
2563
2563
2563
2563
2563
2563
2563
2563
2563
2563
2563
2563
2571
2593
2589
2585
2589
2589
2589
2589
2589
2589
2589
2589
2589
2589
2589
2589
2589
2589
2589
2589
2589
2589
2589
2600
2608
2589
2593
2576
2581
2599
2607
2611
2595
2611
2611
2611
2611
2611
2611
2611
2611
2611
2611
2611
2611
2611
2611
2617
2634
2642
2650
2650
2646
2646
2646
2646
2646
2646
2646
2646
2646
2646
2646
2646
2646
2646
2646
2646
2646
2646
2643
2647
2647
2647
2647
2647
2647
2647
2647
2647
2647
2647
2647
2647
2647
2647
2647
2647
2647
2647
2647
2647
2647
2672
2662
2681
2689
2684
2684
2684
2684
2684
2684
2684
2684
2684
2684
2684
2684
2684
2684
2684
2684
2684
2684
2684
2691
2692
2708
2692
2692
2692
2692
2692
2692
2692
2692
2692
2692
2692
2692
2692
2692
2692
2692
2692
2692
2692
2692
2713
2695
2688
2683
2670
2665
2673
2673
2677
2668
2664
2676
2680
2680
2680
2680
2680
2680
2680
2680
2680
2680
2678
2689
2689
2676
2703
2704
2681
2681
2681
2681
2681
2681
2681
2681
2681
2681
2681
2681
2681
2681
2681
2681
2681
2681
2691
2687
2690
2690
2690
2690
2690
2690
2690
2690
2690
2690
2690
2690
2690
2690
2690
2690
2690
2690
2690
2690
2720
2719
2714
2709
2709
2709
2709
2709
2709
2709
2709
2709
2709
2709
2709
2709
2709
2709
2709
2709
2709
2709
2709
2713
2688
2692
2690
2697
2698
2697
2693
2693
2693
2693
2693
2693
2693
2693
2693
2693
2693
2693
2693
2693
2693
2693
2703
2678
2690
2686
2687
2683
2683
2683
2683
2683
2683
2683
2683
2683
2683
2683
2683
2683
2683
2683
2683
2683
2683
2683
2692
2684
2696
2695
2691
2695
2699
2711
2707
2707
2707
2707
2707
2707
2707
2707
2707
2707
2707
2707
2707
2707
2707
2720
2720
2724
2724
2724
2724
2724
2724
2724
2724
2724
2724
2724
2724
2724
2724
2724
2724
2724
2724
2724
2724
2724
2737
2746
2729
2726
2730
2710
2726
2718
2714
2714
2714
2714
2714
2714
2714
2714
2714
2714
2714
2714
2714
2714
2714
2722
2722
2710
2711
2707
2699
2703
2699
2703
2699
2703
2699
2703
2699
2703
2699
2703
2699
2703
2699
2733
2726
2734
2737
2721
2725
2725
2721
2721
2721
2721
2721
2721
2721
2721
2721
2721
2721
2721
2721
2721
2721
2695
2711
2691
2683
2691
2695
2699
2695
2695
2695
2695
2695
2695
2695
2695
2695
2695
2695
2695
2695
2695
2695
2711
2711
2695
2695
2695
2695
2695
2695
2695
2695
2695
2695
2695
2695
2695
2695
2695
2695
2695
2695
2695
2695
2695
2734
2722
2725
2725
2725
2721
2725
2733
2733
2733
2733
2733
2733
2733
2733
2733
2733
2733
2733
2733
2713
2709
2685
2728
2735
2736
2740
2740
2740
2728
2732
2732
2736
2732
2736
2732
2736
2732
2736
2732
2736
2732
2736
2733
2717
2729
2729
2728
2732
2716
2720
2720
2716
2713
2717
2713
2717
2713
2717
2713
2717
2713
2717
2713
2717
2713
2725
2718
2730
2726
2730
2730
2730
2730
2730
2730
2730
2730
2730
2730
2730
2730
2730
2730
2730
2730
2730
2730
2738
2712
2710
2727
2716
2724
2724
2731
2716
2727
2723
2731
2716
2727
2723
2731
2716
2727
2723
2731
2716
2727
2713
2721
2717
2717
2717
2717
2717
2717
2717
2717
2717
2717
2717
2717
2717
2717
2717
2717
2717
2717
2717
2717
2736
2728
2744
2736
2736
2732
2736
2732
2736
2732
2736
2732
2736
2732
2736
2732
2736
2732
2736
2732
2736
2732
2736
2723
2702
2702
2702
2691
2691
2687
2687
2687
2687
2687
2687
2687
2687
2687
2687
2687
2687
2687
2687
2687
2687
2687
2663
2679
2675
2678
2674
2674
2674
2674
2674
2674
2674
2674
2674
2674
2674
2674
2674
2674
2674
2674
2674
2674
2721
2721
2723
2716
2727
2708
2719
2716
2719
2716
2719
2716
2719
2716
2719
2716
2719
2716
2719
2716
2719
2716
2719
2755
2771
2775
2773
2785
2789
2785
2789
2789
2785
2789
2789
2785
2789
2789
2785
2789
2789
2785
2789
2789
2785
2789
2800
2780
2766
2770
2808
2817
2808
2799
2821
2806
2791
2791
2799
2803
2796
2828
2816
2836
2823
2821
2812
2808
2808
2816
2836
2829
2832
2828
2824
2812
2812
2812
2812
2812
2812
2812
2819
2812
2800
2815
2799
2799
2799
2799
2799
2799
2799
2799
2799
2772
2773
2773
2773
2773
2773
2773
2773
2773
2773
2773
2773
2773
2773
2773
2773
2773
2773
2773
2801
2779
2780
2767
2767
2767
2767
2763
2763
2763
2763
2763
2763
2763
2763
2763
2763
2763
2763
2763
2763
2763
2786
2792
2773
2770
2777
2778
2774
2774
2774
2774
2774
2774
2774
2774
2774
2774
2774
2774
2774
2774
2774
2774
2774
2791
2815
2811
2823
2823
2823
2823
2823
2823
2823
2823
2823
2823
2823
2823
2823
2823
2823
2823
2823
2823
2823
2823
