500
0 0 1 2 498 499
1 0 0 2 3 499
2 0 0 1 3 4
3 0 1 2 4 5
4 0 2 3 5 6
5 0 3 4 6 7
6 0 4 5 7 8
7 0 5 6 8 9
8 0 6 7 9 10
9 0 7 8 10 11
10 0 8 9 11 12
11 0 9 10 12 13
12 0 10 11 13 14
13 0 11 12 14 15
14 0 12 13 15 16
15 0 13 14 16 17
16 0 14 15 17 18
17 0 15 16 18 19
18 0 16 17 19 20
19 0 17 18 20 21
20 0 18 19 21 22
21 0 19 20 22 23
22 0 20 21 23 24
23 0 21 22 24 25
24 0 22 23 25 26
25 0 23 24 26 27
26 0 24 25 27 28
27 0 25 26 28 29
28 0 26 27 29 30
29 0 27 28 30 31
30 0 28 29 31 32
31 0 29 30 32 33
32 0 30 31 33 34
33 0 31 32 34 35
34 0 32 33 35 36
35 0 33 34 36 37
36 0 34 35 37 38
37 0 35 36 38 39
38 0 36 37 39 40
39 0 37 38 40 41
40 0 38 39 41 42
41 0 39 40 42 43
42 0 40 41 43 44
43 0 41 42 44 45
44 0 42 43 45 46
45 0 43 44 46 47
46 0 44 45 47 48
47 0 45 46 48 49
48 0 46 47 49 50
49 0 47 48 50 51
50 0 48 49 51 52
51 0 49 50 52 53
52 0 50 51 53 54
53 0 51 52 54 55
54 0 52 53 55 56
55 0 53 54 56 57
56 0 54 55 57 58
57 0 55 56 58 59
58 0 56 57 59 60
59 0 57 58 60 61
60 0 58 59 61 62
61 0 59 60 62 63
62 0 60 61 63 64
63 0 61 62 64 65
64 0 62 63 65 66
65 0 63 64 66 67
66 0 64 65 67 68
67 0 65 66 68 69
68 0 66 67 69 70
69 0 67 68 70 71
70 0 68 69 71 72
71 0 69 70 72 73
72 0 70 71 73 74
73 0 71 72 74 75
74 0 72 73 75 76
75 0 73 74 76 77
76 0 74 75 77 78
77 0 75 76 78 79
78 0 76 77 79 80
79 0 77 78 80 81
80 0 78 79 81 82
81 0 79 80 82 83
82 0 80 81 83 84
83 0 81 82 84 85
84 0 82 83 85 86
85 0 83 84 86 87
86 0 84 85 87 88
87 0 85 86 88 89
88 0 86 87 89 90
89 0 87 88 90 91
90 0 88 89 91 92
91 0 89 90 92 93
92 0 90 91 93 94
93 0 91 92 94 95
94 0 92 93 95 96
95 0 93 94 96 97
96 0 94 95 97 98
97 0 95 96 98 99
98 0 96 97 99 100
99 0 97 98 100 101
100 0 98 99 101 102
101 0 99 100 102 103
102 0 100 101 103 104
103 0 101 102 104 105
104 0 102 103 105 106
105 0 103 104 106 107
106 0 104 105 107 108
107 0 105 106 108 109
108 0 106 107 109 110
109 0 107 108 110 111
110 0 108 109 111 112
111 0 109 110 112 113
112 0 110 111 113 114
113 0 111 112 114 115
114 0 112 113 115 116
115 0 113 114 116 117
116 0 114 115 117 118
117 0 115 116 118 119
118 0 116 117 119 120
119 0 117 118 120 121
120 0 118 119 121 122
121 0 119 120 122 123
122 0 120 121 123 124
123 0 121 122 124 125
124 0 122 123 125 126
125 0 123 124 126 127
126 0 124 125 127 128
127 0 125 126 128 129
128 0 126 127 129 130
129 0 127 128 130 131
130 0 128 129 131 132
131 0 129 130 132 133
132 0 130 131 133 134
133 0 131 132 134 135
134 0 132 133 135 136
135 0 133 134 136 137
136 0 134 135 137 138
137 0 135 136 138 139
138 0 136 137 139 140
139 0 137 138 140 141
140 0 138 139 141 142
141 0 139 140 142 143
142 0 140 141 143 144
143 0 141 142 144 145
144 0 142 143 145 146
145 0 143 144 146 147
146 0 144 145 147 148
147 0 145 146 148 149
148 0 146 147 149 150
149 0 147 148 150 151
150 0 148 149 151 152
151 0 149 150 152 153
152 0 150 151 153 154
153 0 151 152 154 155
154 0 152 153 155 156
155 0 153 154 156 157
156 0 154 155 157 158
157 0 155 156 158 159
158 0 156 157 159 160
159 0 157 158 160 161
160 0 158 159 161 162
161 0 159 160 162 163
162 0 160 161 163 164
163 0 161 162 164 165
164 0 162 163 165 166
165 0 163 164 166 167
166 0 164 165 167 168
167 0 165 166 168 169
168 0 166 167 169 170
169 0 167 168 170 171
170 0 168 169 171 172
171 0 169 170 172 173
172 0 170 171 173 174
173 0 171 172 174 175
174 0 172 173 175 176
175 0 173 174 176 177
176 0 174 175 177 178
177 0 175 176 178 179
178 0 176 177 179 180
179 0 177 178 180 181
180 0 178 179 181 182
181 0 179 180 182 183
182 0 180 181 183 184
183 0 181 182 184 185
184 0 182 183 185 186
185 0 183 184 186 187
186 0 184 185 187 188
187 0 185 186 188 189
188 0 186 187 189 190
189 0 187 188 190 191
190 0 188 189 191 192
191 0 189 190 192 193
192 0 190 191 193 194
193 0 191 192 194 195
194 0 192 193 195 196
195 0 193 194 196 197
196 0 194 195 197 198
197 0 195 196 198 199
198 0 196 197 199 200
199 0 197 198 200 201
200 0 198 199 201 202
201 0 199 200 202 203
202 0 200 201 203 204
203 0 201 202 204 205
204 0 202 203 205 206
205 0 203 204 206 207
206 0 204 205 207 208
207 0 205 206 208 209
208 0 206 207 209 210
209 0 207 208 210 211
210 0 208 209 211 212
211 0 209 210 212 213
212 0 210 211 213 214
213 0 211 212 214 215
214 0 212 213 215 216
215 0 213 214 216 217
216 0 214 215 217 218
217 0 215 216 218 219
218 0 216 217 219 220
219 0 217 218 220 221
220 0 218 219 221 222
221 0 219 220 222 223
222 0 220 221 223 224
223 0 221 222 224 225
224 0 222 223 225 226
225 0 223 224 226 227
226 0 224 225 227 228
227 0 225 226 228 229
228 0 226 227 229 230
229 0 227 228 230 231
230 0 228 229 231 232
231 0 229 230 232 233
232 0 230 231 233 234
233 0 231 232 234 235
234 0 232 233 235 236
235 0 233 234 236 237
236 0 234 235 237 238
237 0 235 236 238 239
238 0 236 237 239 240
239 0 237 238 240 241
240 0 238 239 241 242
241 0 239 240 242 243
242 0 240 241 243 244
243 0 241 242 244 245
244 0 242 243 245 246
245 0 243 244 246 247
246 0 244 245 247 248
247 0 245 246 248 249
248 0 246 247 249 250
249 0 247 248 250 251
250 0 248 249 251 252
251 0 249 250 252 253
252 0 250 251 253 254
253 0 251 252 254 255
254 0 252 253 255 256
255 0 253 254 256 257
256 0 254 255 257 258
257 0 255 256 258 259
258 0 256 257 259 260
259 0 257 258 260 261
260 0 258 259 261 262
261 0 259 260 262 263
262 0 260 261 263 264
263 0 261 262 264 265
264 0 262 263 265 266
265 0 263 264 266 267
266 0 264 265 267 268
267 0 265 266 268 269
268 0 266 267 269 270
269 0 267 268 270 271
270 0 268 269 271 272
271 0 269 270 272 273
272 0 270 271 273 274
273 0 271 272 274 275
274 0 272 273 275 276
275 0 273 274 276 277
276 0 274 275 277 278
277 0 275 276 278 279
278 0 276 277 279 280
279 0 277 278 280 281
280 0 278 279 281 282
281 0 279 280 282 283
282 0 280 281 283 284
283 0 281 282 284 285
284 0 282 283 285 286
285 0 283 284 286 287
286 0 284 285 287 288
287 0 285 286 288 289
288 0 286 287 289 290
289 0 287 288 290 291
290 0 288 289 291 292
291 0 289 290 292 293
292 0 290 291 293 294
293 0 291 292 294 295
294 0 292 293 295 296
295 0 293 294 296 297
296 0 294 295 297 298
297 0 295 296 298 299
298 0 296 297 299 300
299 0 297 298 300 301
300 0 298 299 301 302
301 0 299 300 302 303
302 0 300 301 303 304
303 0 301 302 304 305
304 0 302 303 305 306
305 0 303 304 306 307
306 0 304 305 307 308
307 0 305 306 308 309
308 0 306 307 309 310
309 0 307 308 310 311
310 0 308 309 311 312
311 0 309 310 312 313
312 0 310 311 313 314
313 0 311 312 314 315
314 0 312 313 315 316
315 0 313 314 316 317
316 0 314 315 317 318
317 0 315 316 318 319
318 0 316 317 319 320
319 0 317 318 320 321
320 0 318 319 321 322
321 0 319 320 322 323
322 0 320 321 323 324
323 0 321 322 324 325
324 0 322 323 325 326
325 0 323 324 326 327
326 0 324 325 327 328
327 0 325 326 328 329
328 0 326 327 329 330
329 0 327 328 330 331
330 0 328 329 331 332
331 0 329 330 332 333
332 0 330 331 333 334
333 0 331 332 334 335
334 0 332 333 335 336
335 0 333 334 336 337
336 0 334 335 337 338
337 0 335 336 338 339
338 0 336 337 339 340
339 0 337 338 340 341
340 0 338 339 341 342
341 0 339 340 342 343
342 0 340 341 343 344
343 0 341 342 344 345
344 0 342 343 345 346
345 0 343 344 346 347
346 0 344 345 347 348
347 0 345 346 348 349
348 0 346 347 349 350
349 0 347 348 350 351
350 0 348 349 351 352
351 0 349 350 352 353
352 0 350 351 353 354
353 0 351 352 354 355
354 0 352 353 355 356
355 0 353 354 356 357
356 0 354 355 357 358
357 0 355 356 358 359
358 0 356 357 359 360
359 0 357 358 360 361
360 0 358 359 361 362
361 0 359 360 362 363
362 0 360 361 363 364
363 0 361 362 364 365
364 0 362 363 365 366
365 0 363 364 366 367
366 0 364 365 367 368
367 0 365 366 368 369
368 0 366 367 369 370
369 0 367 368 370 371
370 0 368 369 371 372
371 0 369 370 372 373
372 0 370 371 373 374
373 0 371 372 374 375
374 0 372 373 375 376
375 0 373 374 376 377
376 0 374 375 377 378
377 0 375 376 378 379
378 0 376 377 379 380
379 0 377 378 380 381
380 0 378 379 381 382
381 0 379 380 382 383
382 0 380 381 383 384
383 0 381 382 384 385
384 0 382 383 385 386
385 0 383 384 386 387
386 0 384 385 387 388
387 0 385 386 388 389
388 0 386 387 389 390
389 0 387 388 390 391
390 0 388 389 391 392
391 0 389 390 392 393
392 0 390 391 393 394
393 0 391 392 394 395
394 0 392 393 395 396
395 0 393 394 396 397
396 0 394 395 397 398
397 0 395 396 398 399
398 0 396 397 399 400
399 0 397 398 400 401
400 0 398 399 401 402
401 0 399 400 402 403
402 0 400 401 403 404
403 0 401 402 404 405
404 0 402 403 405 406
405 0 403 404 406 407
406 0 404 405 407 408
407 0 405 406 408 409
408 0 406 407 409 410
409 0 407 408 410 411
410 0 408 409 411 412
411 0 409 410 412 413
412 0 410 411 413 414
413 0 411 412 414 415
414 0 412 413 415 416
415 0 413 414 416 417
416 0 414 415 417 418
417 0 415 416 418 419
418 0 416 417 419 420
419 0 417 418 420 421
420 0 418 419 421 422
421 0 419 420 422 423
422 0 420 421 423 424
423 0 421 422 424 425
424 0 422 423 425 426
425 0 423 424 426 427
426 0 424 425 427 428
427 0 425 426 428 429
428 0 426 427 429 430
429 0 427 428 430 431
430 0 428 429 431 432
431 0 429 430 432 433
432 0 430 431 433 434
433 0 431 432 434 435
434 0 432 433 435 436
435 0 433 434 436 437
436 0 434 435 437 438
437 0 435 436 438 439
438 0 436 437 439 440
439 0 437 438 440 441
440 0 438 439 441 442
441 0 439 440 442 443
442 0 440 441 443 444
443 0 441 442 444 445
444 0 442 443 445 446
445 0 443 444 446 447
446 0 444 445 447 448
447 0 445 446 448 449
448 0 446 447 449 450
449 0 447 448 450 451
450 0 448 449 451 452
451 0 449 450 452 453
452 0 450 451 453 454
453 0 451 452 454 455
454 0 452 453 455 456
455 0 453 454 456 457
456 0 454 455 457 458
457 0 455 456 458 459
458 0 456 457 459 460
459 0 457 458 460 461
460 0 458 459 461 462
461 0 459 460 462 463
462 0 460 461 463 464
463 0 461 462 464 465
464 0 462 463 465 466
465 0 463 464 466 467
466 0 464 465 467 468
467 0 465 466 468 469
468 0 466 467 469 470
469 0 467 468 470 471
470 0 468 469 471 472
471 0 469 470 472 473
472 0 470 471 473 474
473 0 471 472 474 475
474 0 472 473 475 476
475 0 473 474 476 477
476 0 474 475 477 478
477 0 475 476 478 479
478 0 476 477 479 480
479 0 477 478 480 481
480 0 478 479 481 482
481 0 479 480 482 483
482 0 480 481 483 484
483 0 481 482 484 485
484 0 482 483 485 486
485 0 483 484 486 487
486 0 484 485 487 488
487 0 485 486 488 489
488 0 486 487 489 490
489 0 487 488 490 491
490 0 488 489 491 492
491 0 489 490 492 493
492 0 490 491 493 494
493 0 491 492 494 495
494 0 492 493 495 496
495 0 493 494 496 497
496 0 494 495 497 498
497 0 495 496 498 499
498 0 0 496 497 499
499 0 0 1 497 498
