512
0 0 1 2 3 4 508 509 510 511
1 0 0 2 3 4 5 509 510 511
2 0 0 1 3 4 5 6 510 511
3 0 0 1 2 4 5 6 7 511
4 0 0 1 2 3 5 6 7 8
5 0 1 2 3 4 6 7 8 9
6 0 2 3 4 5 7 8 9 10
7 0 3 4 5 6 8 9 10 11
8 0 4 5 6 7 9 10 11 12
9 0 5 6 7 8 10 11 12 13
10 0 6 7 8 9 11 12 13 14
11 0 7 8 9 10 12 13 14 15
12 0 8 9 10 11 13 14 15 16
13 0 9 10 11 12 14 15 16 17
14 0 10 11 12 13 15 16 17 18
15 0 11 12 13 14 16 17 18 19
16 0 12 13 14 15 17 18 19 20
17 0 13 14 15 16 18 19 20 21
18 0 14 15 16 17 19 20 21 22
19 0 15 16 17 18 20 21 22 23
20 0 16 17 18 19 21 22 23 24
21 0 17 18 19 20 22 23 24 25
22 0 18 19 20 21 23 24 25 26
23 0 19 20 21 22 24 25 26 27
24 0 20 21 22 23 25 26 27 28
25 0 21 22 23 24 26 27 28 29
26 0 22 23 24 25 27 28 29 30
27 0 23 24 25 26 28 29 30 31
28 0 24 25 26 27 29 30 31 32
29 0 25 26 27 28 30 31 32 33
30 0 26 27 28 29 31 32 33 34
31 0 27 28 29 30 32 33 34 35
32 0 28 29 30 31 33 34 35 36
33 0 29 30 31 32 34 35 36 37
34 0 30 31 32 33 35 36 37 38
35 0 31 32 33 34 36 37 38 39
36 0 32 33 34 35 37 38 39 40
37 0 33 34 35 36 38 39 40 41
38 0 34 35 36 37 39 40 41 42
39 0 35 36 37 38 40 41 42 43
40 0 36 37 38 39 41 42 43 44
41 0 37 38 39 40 42 43 44 45
42 0 38 39 40 41 43 44 45 46
43 0 39 40 41 42 44 45 46 47
44 0 40 41 42 43 45 46 47 48
45 0 41 42 43 44 46 47 48 49
46 0 42 43 44 45 47 48 49 50
47 0 43 44 45 46 48 49 50 51
48 0 44 45 46 47 49 50 51 52
49 0 45 46 47 48 50 51 52 53
50 0 46 47 48 49 51 52 53 54
51 0 47 48 49 50 52 53 54 55
52 0 48 49 50 51 53 54 55 56
53 0 49 50 51 52 54 55 56 57
54 0 50 51 52 53 55 56 57 58
55 0 51 52 53 54 56 57 58 59
56 0 52 53 54 55 57 58 59 60
57 0 53 54 55 56 58 59 60 61
58 0 54 55 56 57 59 60 61 62
59 0 55 56 57 58 60 61 62 63
60 0 56 57 58 59 61 62 63 64
61 0 57 58 59 60 62 63 64 65
62 0 58 59 60 61 63 64 65 66
63 0 59 60 61 62 64 65 66 67
64 0 60 61 62 63 65 66 67 68
65 0 61 62 63 64 66 67 68 69
66 0 62 63 64 65 67 68 69 70
67 0 63 64 65 66 68 69 70 71
68 0 64 65 66 67 69 70 71 72
69 0 65 66 67 68 70 71 72 73
70 0 66 67 68 69 71 72 73 74
71 0 67 68 69 70 72 73 74 75
72 0 68 69 70 71 73 74 75 76
73 0 69 70 71 72 74 75 76 77
74 0 70 71 72 73 75 76 77 78
75 0 71 72 73 74 76 77 78 79
76 0 72 73 74 75 77 78 79 80
77 0 73 74 75 76 78 79 80 81
78 0 74 75 76 77 79 80 81 82
79 0 75 76 77 78 80 81 82 83
80 0 76 77 78 79 81 82 83 84
81 0 77 78 79 80 82 83 84 85
82 0 78 79 80 81 83 84 85 86
83 0 79 80 81 82 84 85 86 87
84 0 80 81 82 83 85 86 87 88
85 0 81 82 83 84 86 87 88 89
86 0 82 83 84 85 87 88 89 90
87 0 83 84 85 86 88 89 90 91
88 0 84 85 86 87 89 90 91 92
89 0 85 86 87 88 90 91 92 93
90 0 86 87 88 89 91 92 93 94
91 0 87 88 89 90 92 93 94 95
92 0 88 89 90 91 93 94 95 96
93 0 89 90 91 92 94 95 96 97
94 0 90 91 92 93 95 96 97 98
95 0 91 92 93 94 96 97 98 99
96 0 92 93 94 95 97 98 99 100
97 0 93 94 95 96 98 99 100 101
98 0 94 95 96 97 99 100 101 102
99 0 95 96 97 98 100 101 102 103
100 0 96 97 98 99 101 102 103 104
101 0 97 98 99 100 102 103 104 105
102 0 98 99 100 101 103 104 105 106
103 0 99 100 101 102 104 105 106 107
104 0 100 101 102 103 105 106 107 108
105 0 101 102 103 104 106 107 108 109
106 0 102 103 104 105 107 108 109 110
107 0 103 104 105 106 108 109 110 111
108 0 104 105 106 107 109 110 111 112
109 0 105 106 107 108 110 111 112 113
110 0 106 107 108 109 111 112 113 114
111 0 107 108 109 110 112 113 114 115
112 0 108 109 110 111 113 114 115 116
113 0 109 110 111 112 114 115 116 117
114 0 110 111 112 113 115 116 117 118
115 0 111 112 113 114 116 117 118 119
116 0 112 113 114 115 117 118 119 120
117 0 113 114 115 116 118 119 120 121
118 0 114 115 116 117 119 120 121 122
119 0 115 116 117 118 120 121 122 123
120 0 116 117 118 119 121 122 123 124
121 0 117 118 119 120 122 123 124 125
122 0 118 119 120 121 123 124 125 126
123 0 119 120 121 122 124 125 126 127
124 0 120 121 122 123 125 126 127 128
125 0 121 122 123 124 126 127 128 129
126 0 122 123 124 125 127 128 129 130
127 0 123 124 125 126 128 129 130 131
128 0 124 125 126 127 129 130 131 132
129 0 125 126 127 128 130 131 132 133
130 0 126 127 128 129 131 132 133 134
131 0 127 128 129 130 132 133 134 135
132 0 128 129 130 131 133 134 135 136
133 0 129 130 131 132 134 135 136 137
134 0 130 131 132 133 135 136 137 138
135 0 131 132 133 134 136 137 138 139
136 0 132 133 134 135 137 138 139 140
137 0 133 134 135 136 138 139 140 141
138 0 134 135 136 137 139 140 141 142
139 0 135 136 137 138 140 141 142 143
140 0 136 137 138 139 141 142 143 144
141 0 137 138 139 140 142 143 144 145
142 0 138 139 140 141 143 144 145 146
143 0 139 140 141 142 144 145 146 147
144 0 140 141 142 143 145 146 147 148
145 0 141 142 143 144 146 147 148 149
146 0 142 143 144 145 147 148 149 150
147 0 143 144 145 146 148 149 150 151
148 0 144 145 146 147 149 150 151 152
149 0 145 146 147 148 150 151 152 153
150 0 146 147 148 149 151 152 153 154
151 0 147 148 149 150 152 153 154 155
152 0 148 149 150 151 153 154 155 156
153 0 149 150 151 152 154 155 156 157
154 0 150 151 152 153 155 156 157 158
155 0 151 152 153 154 156 157 158 159
156 0 152 153 154 155 157 158 159 160
157 0 153 154 155 156 158 159 160 161
158 0 154 155 156 157 159 160 161 162
159 0 155 156 157 158 160 161 162 163
160 0 156 157 158 159 161 162 163 164
161 0 157 158 159 160 162 163 164 165
162 0 158 159 160 161 163 164 165 166
163 0 159 160 161 162 164 165 166 167
164 0 160 161 162 163 165 166 167 168
165 0 161 162 163 164 166 167 168 169
166 0 162 163 164 165 167 168 169 170
167 0 163 164 165 166 168 169 170 171
168 0 164 165 166 167 169 170 171 172
169 0 165 166 167 168 170 171 172 173
170 0 166 167 168 169 171 172 173 174
171 0 167 168 169 170 172 173 174 175
172 0 168 169 170 171 173 174 175 176
173 0 169 170 171 172 174 175 176 177
174 0 170 171 172 173 175 176 177 178
175 0 171 172 173 174 176 177 178 179
176 0 172 173 174 175 177 178 179 180
177 0 173 174 175 176 178 179 180 181
178 0 174 175 176 177 179 180 181 182
179 0 175 176 177 178 180 181 182 183
180 0 176 177 178 179 181 182 183 184
181 0 177 178 179 180 182 183 184 185
182 0 178 179 180 181 183 184 185 186
183 0 179 180 181 182 184 185 186 187
184 0 180 181 182 183 185 186 187 188
185 0 181 182 183 184 186 187 188 189
186 0 182 183 184 185 187 188 189 190
187 0 183 184 185 186 188 189 190 191
188 0 184 185 186 187 189 190 191 192
189 0 185 186 187 188 190 191 192 193
190 0 186 187 188 189 191 192 193 194
191 0 187 188 189 190 192 193 194 195
192 0 188 189 190 191 193 194 195 196
193 0 189 190 191 192 194 195 196 197
194 0 190 191 192 193 195 196 197 198
195 0 191 192 193 194 196 197 198 199
196 0 192 193 194 195 197 198 199 200
197 0 193 194 195 196 198 199 200 201
198 0 194 195 196 197 199 200 201 202
199 0 195 196 197 198 200 201 202 203
200 0 196 197 198 199 201 202 203 204
201 0 197 198 199 200 202 203 204 205
202 0 198 199 200 201 203 204 205 206
203 0 199 200 201 202 204 205 206 207
204 0 200 201 202 203 205 206 207 208
205 0 201 202 203 204 206 207 208 209
206 0 202 203 204 205 207 208 209 210
207 0 203 204 205 206 208 209 210 211
208 0 204 205 206 207 209 210 211 212
209 0 205 206 207 208 210 211 212 213
210 0 206 207 208 209 211 212 213 214
211 0 207 208 209 210 212 213 214 215
212 0 208 209 210 211 213 214 215 216
213 0 209 210 211 212 214 215 216 217
214 0 210 211 212 213 215 216 217 218
215 0 211 212 213 214 216 217 218 219
216 0 212 213 214 215 217 218 219 220
217 0 213 214 215 216 218 219 220 221
218 0 214 215 216 217 219 220 221 222
219 0 215 216 217 218 220 221 222 223
220 0 216 217 218 219 221 222 223 224
221 0 217 218 219 220 222 223 224 225
222 0 218 219 220 221 223 224 225 226
223 0 219 220 221 222 224 225 226 227
224 0 220 221 222 223 225 226 227 228
225 0 221 222 223 224 226 227 228 229
226 0 222 223 224 225 227 228 229 230
227 0 223 224 225 226 228 229 230 231
228 0 224 225 226 227 229 230 231 232
229 0 225 226 227 228 230 231 232 233
230 0 226 227 228 229 231 232 233 234
231 0 227 228 229 230 232 233 234 235
232 0 228 229 230 231 233 234 235 236
233 0 229 230 231 232 234 235 236 237
234 0 230 231 232 233 235 236 237 238
235 0 231 232 233 234 236 237 238 239
236 0 232 233 234 235 237 238 239 240
237 0 233 234 235 236 238 239 240 241
238 0 234 235 236 237 239 240 241 242
239 0 235 236 237 238 240 241 242 243
240 0 236 237 238 239 241 242 243 244
241 0 237 238 239 240 242 243 244 245
242 0 238 239 240 241 243 244 245 246
243 0 239 240 241 242 244 245 246 247
244 0 240 241 242 243 245 246 247 248
245 0 241 242 243 244 246 247 248 249
246 0 242 243 244 245 247 248 249 250
247 0 243 244 245 246 248 249 250 251
248 0 244 245 246 247 249 250 251 252
249 0 245 246 247 248 250 251 252 253
250 0 246 247 248 249 251 252 253 254
251 0 247 248 249 250 252 253 254 255
252 0 248 249 250 251 253 254 255 256
253 0 249 250 251 252 254 255 256 257
254 0 250 251 252 253 255 256 257 258
255 0 251 252 253 254 256 257 258 259
256 0 252 253 254 255 257 258 259 260
257 0 253 254 255 256 258 259 260 261
258 0 254 255 256 257 259 260 261 262
259 0 255 256 257 258 260 261 262 263
260 0 256 257 258 259 261 262 263 264
261 0 257 258 259 260 262 263 264 265
262 0 258 259 260 261 263 264 265 266
263 0 259 260 261 262 264 265 266 267
264 0 260 261 262 263 265 266 267 268
265 0 261 262 263 264 266 267 268 269
266 0 262 263 264 265 267 268 269 270
267 0 263 264 265 266 268 269 270 271
268 0 264 265 266 267 269 270 271 272
269 0 265 266 267 268 270 271 272 273
270 0 266 267 268 269 271 272 273 274
271 0 267 268 269 270 272 273 274 275
272 0 268 269 270 271 273 274 275 276
273 0 269 270 271 272 274 275 276 277
274 0 270 271 272 273 275 276 277 278
275 0 271 272 273 274 276 277 278 279
276 0 272 273 274 275 277 278 279 280
277 0 273 274 275 276 278 279 280 281
278 0 274 275 276 277 279 280 281 282
279 0 275 276 277 278 280 281 282 283
280 0 276 277 278 279 281 282 283 284
281 0 277 278 279 280 282 283 284 285
282 0 278 279 280 281 283 284 285 286
283 0 279 280 281 282 284 285 286 287
284 0 280 281 282 283 285 286 287 288
285 0 281 282 283 284 286 287 288 289
286 0 282 283 284 285 287 288 289 290
287 0 283 284 285 286 288 289 290 291
288 0 284 285 286 287 289 290 291 292
289 0 285 286 287 288 290 291 292 293
290 0 286 287 288 289 291 292 293 294
291 0 287 288 289 290 292 293 294 295
292 0 288 289 290 291 293 294 295 296
293 0 289 290 291 292 294 295 296 297
294 0 290 291 292 293 295 296 297 298
295 0 291 292 293 294 296 297 298 299
296 0 292 293 294 295 297 298 299 300
297 0 293 294 295 296 298 299 300 301
298 0 294 295 296 297 299 300 301 302
299 0 295 296 297 298 300 301 302 303
300 0 296 297 298 299 301 302 303 304
301 0 297 298 299 300 302 303 304 305
302 0 298 299 300 301 303 304 305 306
303 0 299 300 301 302 304 305 306 307
304 0 300 301 302 303 305 306 307 308
305 0 301 302 303 304 306 307 308 309
306 0 302 303 304 305 307 308 309 310
307 0 303 304 305 306 308 309 310 311
308 0 304 305 306 307 309 310 311 312
309 0 305 306 307 308 310 311 312 313
310 0 306 307 308 309 311 312 313 314
311 0 307 308 309 310 312 313 314 315
312 0 308 309 310 311 313 314 315 316
313 0 309 310 311 312 314 315 316 317
314 0 310 311 312 313 315 316 317 318
315 0 311 312 313 314 316 317 318 319
316 0 312 313 314 315 317 318 319 320
317 0 313 314 315 316 318 319 320 321
318 0 314 315 316 317 319 320 321 322
319 0 315 316 317 318 320 321 322 323
320 0 316 317 318 319 321 322 323 324
321 0 317 318 319 320 322 323 324 325
322 0 318 319 320 321 323 324 325 326
323 0 319 320 321 322 324 325 326 327
324 0 320 321 322 323 325 326 327 328
325 0 321 322 323 324 326 327 328 329
326 0 322 323 324 325 327 328 329 330
327 0 323 324 325 326 328 329 330 331
328 0 324 325 326 327 329 330 331 332
329 0 325 326 327 328 330 331 332 333
330 0 326 327 328 329 331 332 333 334
331 0 327 328 329 330 332 333 334 335
332 0 328 329 330 331 333 334 335 336
333 0 329 330 331 332 334 335 336 337
334 0 330 331 332 333 335 336 337 338
335 0 331 332 333 334 336 337 338 339
336 0 332 333 334 335 337 338 339 340
337 0 333 334 335 336 338 339 340 341
338 0 334 335 336 337 339 340 341 342
339 0 335 336 337 338 340 341 342 343
340 0 336 337 338 339 341 342 343 344
341 0 337 338 339 340 342 343 344 345
342 0 338 339 340 341 343 344 345 346
343 0 339 340 341 342 344 345 346 347
344 0 340 341 342 343 345 346 347 348
345 0 341 342 343 344 346 347 348 349
346 0 342 343 344 345 347 348 349 350
347 0 343 344 345 346 348 349 350 351
348 0 344 345 346 347 349 350 351 352
349 0 345 346 347 348 350 351 352 353
350 0 346 347 348 349 351 352 353 354
351 0 347 348 349 350 352 353 354 355
352 0 348 349 350 351 353 354 355 356
353 0 349 350 351 352 354 355 356 357
354 0 350 351 352 353 355 356 357 358
355 0 351 352 353 354 356 357 358 359
356 0 352 353 354 355 357 358 359 360
357 0 353 354 355 356 358 359 360 361
358 0 354 355 356 357 359 360 361 362
359 0 355 356 357 358 360 361 362 363
360 0 356 357 358 359 361 362 363 364
361 0 357 358 359 360 362 363 364 365
362 0 358 359 360 361 363 364 365 366
363 0 359 360 361 362 364 365 366 367
364 0 360 361 362 363 365 366 367 368
365 0 361 362 363 364 366 367 368 369
366 0 362 363 364 365 367 368 369 370
367 0 363 364 365 366 368 369 370 371
368 0 364 365 366 367 369 370 371 372
369 0 365 366 367 368 370 371 372 373
370 0 366 367 368 369 371 372 373 374
371 0 367 368 369 370 372 373 374 375
372 0 368 369 370 371 373 374 375 376
373 0 369 370 371 372 374 375 376 377
374 0 370 371 372 373 375 376 377 378
375 0 371 372 373 374 376 377 378 379
376 0 372 373 374 375 377 378 379 380
377 0 373 374 375 376 378 379 380 381
378 0 374 375 376 377 379 380 381 382
379 0 375 376 377 378 380 381 382 383
380 0 376 377 378 379 381 382 383 384
381 0 377 378 379 380 382 383 384 385
382 0 378 379 380 381 383 384 385 386
383 0 379 380 381 382 384 385 386 387
384 0 380 381 382 383 385 386 387 388
385 0 381 382 383 384 386 387 388 389
386 0 382 383 384 385 387 388 389 390
387 0 383 384 385 386 388 389 390 391
388 0 384 385 386 387 389 390 391 392
389 0 385 386 387 388 390 391 392 393
390 0 386 387 388 389 391 392 393 394
391 0 387 388 389 390 392 393 394 395
392 0 388 389 390 391 393 394 395 396
393 0 389 390 391 392 394 395 396 397
394 0 390 391 392 393 395 396 397 398
395 0 391 392 393 394 396 397 398 399
396 0 392 393 394 395 397 398 399 400
397 0 393 394 395 396 398 399 400 401
398 0 394 395 396 397 399 400 401 402
399 0 395 396 397 398 400 401 402 403
400 0 396 397 398 399 401 402 403 404
401 0 397 398 399 400 402 403 404 405
402 0 398 399 400 401 403 404 405 406
403 0 399 400 401 402 404 405 406 407
404 0 400 401 402 403 405 406 407 408
405 0 401 402 403 404 406 407 408 409
406 0 402 403 404 405 407 408 409 410
407 0 403 404 405 406 408 409 410 411
408 0 404 405 406 407 409 410 411 412
409 0 405 406 407 408 410 411 412 413
410 0 406 407 408 409 411 412 413 414
411 0 407 408 409 410 412 413 414 415
412 0 408 409 410 411 413 414 415 416
413 0 409 410 411 412 414 415 416 417
414 0 410 411 412 413 415 416 417 418
415 0 411 412 413 414 416 417 418 419
416 0 412 413 414 415 417 418 419 420
417 0 413 414 415 416 418 419 420 421
418 0 414 415 416 417 419 420 421 422
419 0 415 416 417 418 420 421 422 423
420 0 416 417 418 419 421 422 423 424
421 0 417 418 419 420 422 423 424 425
422 0 418 419 420 421 423 424 425 426
423 0 419 420 421 422 424 425 426 427
424 0 420 421 422 423 425 426 427 428
425 0 421 422 423 424 426 427 428 429
426 0 422 423 424 425 427 428 429 430
427 0 423 424 425 426 428 429 430 431
428 0 424 425 426 427 429 430 431 432
429 0 425 426 427 428 430 431 432 433
430 0 426 427 428 429 431 432 433 434
431 0 427 428 429 430 432 433 434 435
432 0 428 429 430 431 433 434 435 436
433 0 429 430 431 432 434 435 436 437
434 0 430 431 432 433 435 436 437 438
435 0 431 432 433 434 436 437 438 439
436 0 432 433 434 435 437 438 439 440
437 0 433 434 435 436 438 439 440 441
438 0 434 435 436 437 439 440 441 442
439 0 435 436 437 438 440 441 442 443
440 0 436 437 438 439 441 442 443 444
441 0 437 438 439 440 442 443 444 445
442 0 438 439 440 441 443 444 445 446
443 0 439 440 441 442 444 445 446 447
444 0 440 441 442 443 445 446 447 448
445 0 441 442 443 444 446 447 448 449
446 0 442 443 444 445 447 448 449 450
447 0 443 444 445 446 448 449 450 451
448 0 444 445 446 447 449 450 451 452
449 0 445 446 447 448 450 451 452 453
450 0 446 447 448 449 451 452 453 454
451 0 447 448 449 450 452 453 454 455
452 0 448 449 450 451 453 454 455 456
453 0 449 450 451 452 454 455 456 457
454 0 450 451 452 453 455 456 457 458
455 0 451 452 453 454 456 457 458 459
456 0 452 453 454 455 457 458 459 460
457 0 453 454 455 456 458 459 460 461
458 0 454 455 456 457 459 460 461 462
459 0 455 456 457 458 460 461 462 463
460 0 456 457 458 459 461 462 463 464
461 0 457 458 459 460 462 463 464 465
462 0 458 459 460 461 463 464 465 466
463 0 459 460 461 462 464 465 466 467
464 0 460 461 462 463 465 466 467 468
465 0 461 462 463 464 466 467 468 469
466 0 462 463 464 465 467 468 469 470
467 0 463 464 465 466 468 469 470 471
468 0 464 465 466 467 469 470 471 472
469 0 465 466 467 468 470 471 472 473
470 0 466 467 468 469 471 472 473 474
471 0 467 468 469 470 472 473 474 475
472 0 468 469 470 471 473 474 475 476
473 0 469 470 471 472 474 475 476 477
474 0 470 471 472 473 475 476 477 478
475 0 471 472 473 474 476 477 478 479
476 0 472 473 474 475 477 478 479 480
477 0 473 474 475 476 478 479 480 481
478 0 474 475 476 477 479 480 481 482
479 0 475 476 477 478 480 481 482 483
480 0 476 477 478 479 481 482 483 484
481 0 477 478 479 480 482 483 484 485
482 0 478 479 480 481 483 484 485 486
483 0 479 480 481 482 484 485 486 487
484 0 480 481 482 483 485 486 487 488
485 0 481 482 483 484 486 487 488 489
486 0 482 483 484 485 487 488 489 490
487 0 483 484 485 486 488 489 490 491
488 0 484 485 486 487 489 490 491 492
489 0 485 486 487 488 490 491 492 493
490 0 486 487 488 489 491 492 493 494
491 0 487 488 489 490 492 493 494 495
492 0 488 489 490 491 493 494 495 496
493 0 489 490 491 492 494 495 496 497
494 0 490 491 492 493 495 496 497 498
495 0 491 492 493 494 496 497 498 499
496 0 492 493 494 495 497 498 499 500
497 0 493 494 495 496 498 499 500 501
498 0 494 495 496 497 499 500 501 502
499 0 495 496 497 498 500 501 502 503
500 0 496 497 498 499 501 502 503 504
501 0 497 498 499 500 502 503 504 505
502 0 498 499 500 501 503 504 505 506
503 0 499 500 501 502 504 505 506 507
504 0 500 501 502 503 505 506 507 508
505 0 501 502 503 504 506 507 508 509
506 0 502 503 504 505 507 508 509 510
507 0 503 504 505 506 508 509 510 511
508 0 0 504 505 506 507 509 510 511
509 0 0 1 505 506 507 508 510 511
510 0 0 1 2 506 507 508 509 511
511 0 0 1 2 3 507 508 509 510
