512
0 0 1 2 3 4 5 6 7 8 504 505 506 507 508 509 510 511
1 0 0 2 3 4 5 6 7 8 9 505 506 507 508 509 510 511
2 0 0 1 3 4 5 6 7 8 9 10 506 507 508 509 510 511
3 0 0 1 2 4 5 6 7 8 9 10 11 507 508 509 510 511
4 0 0 1 2 3 5 6 7 8 9 10 11 12 508 509 510 511
5 0 0 1 2 3 4 6 7 8 9 10 11 12 13 509 510 511
6 0 0 1 2 3 4 5 7 8 9 10 11 12 13 14 510 511
7 0 0 1 2 3 4 5 6 8 9 10 11 12 13 14 15 511
8 0 0 1 2 3 4 5 6 7 9 10 11 12 13 14 15 16
9 0 1 2 3 4 5 6 7 8 10 11 12 13 14 15 16 17
10 0 2 3 4 5 6 7 8 9 11 12 13 14 15 16 17 18
11 0 3 4 5 6 7 8 9 10 12 13 14 15 16 17 18 19
12 0 4 5 6 7 8 9 10 11 13 14 15 16 17 18 19 20
13 0 5 6 7 8 9 10 11 12 14 15 16 17 18 19 20 21
14 0 6 7 8 9 10 11 12 13 15 16 17 18 19 20 21 22
15 0 7 8 9 10 11 12 13 14 16 17 18 19 20 21 22 23
16 0 8 9 10 11 12 13 14 15 17 18 19 20 21 22 23 24
17 0 9 10 11 12 13 14 15 16 18 19 20 21 22 23 24 25
18 0 10 11 12 13 14 15 16 17 19 20 21 22 23 24 25 26
19 0 11 12 13 14 15 16 17 18 20 21 22 23 24 25 26 27
20 0 12 13 14 15 16 17 18 19 21 22 23 24 25 26 27 28
21 0 13 14 15 16 17 18 19 20 22 23 24 25 26 27 28 29
22 0 14 15 16 17 18 19 20 21 23 24 25 26 27 28 29 30
23 0 15 16 17 18 19 20 21 22 24 25 26 27 28 29 30 31
24 0 16 17 18 19 20 21 22 23 25 26 27 28 29 30 31 32
25 0 17 18 19 20 21 22 23 24 26 27 28 29 30 31 32 33
26 0 18 19 20 21 22 23 24 25 27 28 29 30 31 32 33 34
27 0 19 20 21 22 23 24 25 26 28 29 30 31 32 33 34 35
28 0 20 21 22 23 24 25 26 27 29 30 31 32 33 34 35 36
29 0 21 22 23 24 25 26 27 28 30 31 32 33 34 35 36 37
30 0 22 23 24 25 26 27 28 29 31 32 33 34 35 36 37 38
31 0 23 24 25 26 27 28 29 30 32 33 34 35 36 37 38 39
32 0 24 25 26 27 28 29 30 31 33 34 35 36 37 38 39 40
33 0 25 26 27 28 29 30 31 32 34 35 36 37 38 39 40 41
34 0 26 27 28 29 30 31 32 33 35 36 37 38 39 40 41 42
35 0 27 28 29 30 31 32 33 34 36 37 38 39 40 41 42 43
36 0 28 29 30 31 32 33 34 35 37 38 39 40 41 42 43 44
37 0 29 30 31 32 33 34 35 36 38 39 40 41 42 43 44 45
38 0 30 31 32 33 34 35 36 37 39 40 41 42 43 44 45 46
39 0 31 32 33 34 35 36 37 38 40 41 42 43 44 45 46 47
40 0 32 33 34 35 36 37 38 39 41 42 43 44 45 46 47 48
41 0 33 34 35 36 37 38 39 40 42 43 44 45 46 47 48 49
42 0 34 35 36 37 38 39 40 41 43 44 45 46 47 48 49 50
43 0 35 36 37 38 39 40 41 42 44 45 46 47 48 49 50 51
44 0 36 37 38 39 40 41 42 43 45 46 47 48 49 50 51 52
45 0 37 38 39 40 41 42 43 44 46 47 48 49 50 51 52 53
46 0 38 39 40 41 42 43 44 45 47 48 49 50 51 52 53 54
47 0 39 40 41 42 43 44 45 46 48 49 50 51 52 53 54 55
48 0 40 41 42 43 44 45 46 47 49 50 51 52 53 54 55 56
49 0 41 42 43 44 45 46 47 48 50 51 52 53 54 55 56 57
50 0 42 43 44 45 46 47 48 49 51 52 53 54 55 56 57 58
51 0 43 44 45 46 47 48 49 50 52 53 54 55 56 57 58 59
52 0 44 45 46 47 48 49 50 51 53 54 55 56 57 58 59 60
53 0 45 46 47 48 49 50 51 52 54 55 56 57 58 59 60 61
54 0 46 47 48 49 50 51 52 53 55 56 57 58 59 60 61 62
55 0 47 48 49 50 51 52 53 54 56 57 58 59 60 61 62 63
56 0 48 49 50 51 52 53 54 55 57 58 59 60 61 62 63 64
57 0 49 50 51 52 53 54 55 56 58 59 60 61 62 63 64 65
58 0 50 51 52 53 54 55 56 57 59 60 61 62 63 64 65 66
59 0 51 52 53 54 55 56 57 58 60 61 62 63 64 65 66 67
60 0 52 53 54 55 56 57 58 59 61 62 63 64 65 66 67 68
61 0 53 54 55 56 57 58 59 60 62 63 64 65 66 67 68 69
62 0 54 55 56 57 58 59 60 61 63 64 65 66 67 68 69 70
63 0 55 56 57 58 59 60 61 62 64 65 66 67 68 69 70 71
64 0 56 57 58 59 60 61 62 63 65 66 67 68 69 70 71 72
65 0 57 58 59 60 61 62 63 64 66 67 68 69 70 71 72 73
66 0 58 59 60 61 62 63 64 65 67 68 69 70 71 72 73 74
67 0 59 60 61 62 63 64 65 66 68 69 70 71 72 73 74 75
68 0 60 61 62 63 64 65 66 67 69 70 71 72 73 74 75 76
69 0 61 62 63 64 65 66 67 68 70 71 72 73 74 75 76 77
70 0 62 63 64 65 66 67 68 69 71 72 73 74 75 76 77 78
71 0 63 64 65 66 67 68 69 70 72 73 74 75 76 77 78 79
72 0 64 65 66 67 68 69 70 71 73 74 75 76 77 78 79 80
73 0 65 66 67 68 69 70 71 72 74 75 76 77 78 79 80 81
74 0 66 67 68 69 70 71 72 73 75 76 77 78 79 80 81 82
75 0 67 68 69 70 71 72 73 74 76 77 78 79 80 81 82 83
76 0 68 69 70 71 72 73 74 75 77 78 79 80 81 82 83 84
77 0 69 70 71 72 73 74 75 76 78 79 80 81 82 83 84 85
78 0 70 71 72 73 74 75 76 77 79 80 81 82 83 84 85 86
79 0 71 72 73 74 75 76 77 78 80 81 82 83 84 85 86 87
80 0 72 73 74 75 76 77 78 79 81 82 83 84 85 86 87 88
81 0 73 74 75 76 77 78 79 80 82 83 84 85 86 87 88 89
82 0 74 75 76 77 78 79 80 81 83 84 85 86 87 88 89 90
83 0 75 76 77 78 79 80 81 82 84 85 86 87 88 89 90 91
84 0 76 77 78 79 80 81 82 83 85 86 87 88 89 90 91 92
85 0 77 78 79 80 81 82 83 84 86 87 88 89 90 91 92 93
86 0 78 79 80 81 82 83 84 85 87 88 89 90 91 92 93 94
87 0 79 80 81 82 83 84 85 86 88 89 90 91 92 93 94 95
88 0 80 81 82 83 84 85 86 87 89 90 91 92 93 94 95 96
89 0 81 82 83 84 85 86 87 88 90 91 92 93 94 95 96 97
90 0 82 83 84 85 86 87 88 89 91 92 93 94 95 96 97 98
91 0 83 84 85 86 87 88 89 90 92 93 94 95 96 97 98 99
92 0 84 85 86 87 88 89 90 91 93 94 95 96 97 98 99 100
93 0 85 86 87 88 89 90 91 92 94 95 96 97 98 99 100 101
94 0 86 87 88 89 90 91 92 93 95 96 97 98 99 100 101 102
95 0 87 88 89 90 91 92 93 94 96 97 98 99 100 101 102 103
96 0 88 89 90 91 92 93 94 95 97 98 99 100 101 102 103 104
97 0 89 90 91 92 93 94 95 96 98 99 100 101 102 103 104 105
98 0 90 91 92 93 94 95 96 97 99 100 101 102 103 104 105 106
99 0 91 92 93 94 95 96 97 98 100 101 102 103 104 105 106 107
100 0 92 93 94 95 96 97 98 99 101 102 103 104 105 106 107 108
101 0 93 94 95 96 97 98 99 100 102 103 104 105 106 107 108 109
102 0 94 95 96 97 98 99 100 101 103 104 105 106 107 108 109 110
103 0 95 96 97 98 99 100 101 102 104 105 106 107 108 109 110 111
104 0 96 97 98 99 100 101 102 103 105 106 107 108 109 110 111 112
105 0 97 98 99 100 101 102 103 104 106 107 108 109 110 111 112 113
106 0 98 99 100 101 102 103 104 105 107 108 109 110 111 112 113 114
107 0 99 100 101 102 103 104 105 106 108 109 110 111 112 113 114 115
108 0 100 101 102 103 104 105 106 107 109 110 111 112 113 114 115 116
109 0 101 102 103 104 105 106 107 108 110 111 112 113 114 115 116 117
110 0 102 103 104 105 106 107 108 109 111 112 113 114 115 116 117 118
111 0 103 104 105 106 107 108 109 110 112 113 114 115 116 117 118 119
112 0 104 105 106 107 108 109 110 111 113 114 115 116 117 118 119 120
113 0 105 106 107 108 109 110 111 112 114 115 116 117 118 119 120 121
114 0 106 107 108 109 110 111 112 113 115 116 117 118 119 120 121 122
115 0 107 108 109 110 111 112 113 114 116 117 118 119 120 121 122 123
116 0 108 109 110 111 112 113 114 115 117 118 119 120 121 122 123 124
117 0 109 110 111 112 113 114 115 116 118 119 120 121 122 123 124 125
118 0 110 111 112 113 114 115 116 117 119 120 121 122 123 124 125 126
119 0 111 112 113 114 115 116 117 118 120 121 122 123 124 125 126 127
120 0 112 113 114 115 116 117 118 119 121 122 123 124 125 126 127 128
121 0 113 114 115 116 117 118 119 120 122 123 124 125 126 127 128 129
122 0 114 115 116 117 118 119 120 121 123 124 125 126 127 128 129 130
123 0 115 116 117 118 119 120 121 122 124 125 126 127 128 129 130 131
124 0 116 117 118 119 120 121 122 123 125 126 127 128 129 130 131 132
125 0 117 118 119 120 121 122 123 124 126 127 128 129 130 131 132 133
126 0 118 119 120 121 122 123 124 125 127 128 129 130 131 132 133 134
127 0 119 120 121 122 123 124 125 126 128 129 130 131 132 133 134 135
128 0 120 121 122 123 124 125 126 127 129 130 131 132 133 134 135 136
129 0 121 122 123 124 125 126 127 128 130 131 132 133 134 135 136 137
130 0 122 123 124 125 126 127 128 129 131 132 133 134 135 136 137 138
131 0 123 124 125 126 127 128 129 130 132 133 134 135 136 137 138 139
132 0 124 125 126 127 128 129 130 131 133 134 135 136 137 138 139 140
133 0 125 126 127 128 129 130 131 132 134 135 136 137 138 139 140 141
134 0 126 127 128 129 130 131 132 133 135 136 137 138 139 140 141 142
135 0 127 128 129 130 131 132 133 134 136 137 138 139 140 141 142 143
136 0 128 129 130 131 132 133 134 135 137 138 139 140 141 142 143 144
137 0 129 130 131 132 133 134 135 136 138 139 140 141 142 143 144 145
138 0 130 131 132 133 134 135 136 137 139 140 141 142 143 144 145 146
139 0 131 132 133 134 135 136 137 138 140 141 142 143 144 145 146 147
140 0 132 133 134 135 136 137 138 139 141 142 143 144 145 146 147 148
141 0 133 134 135 136 137 138 139 140 142 143 144 145 146 147 148 149
142 0 134 135 136 137 138 139 140 141 143 144 145 146 147 148 149 150
143 0 135 136 137 138 139 140 141 142 144 145 146 147 148 149 150 151
144 0 136 137 138 139 140 141 142 143 145 146 147 148 149 150 151 152
145 0 137 138 139 140 141 142 143 144 146 147 148 149 150 151 152 153
146 0 138 139 140 141 142 143 144 145 147 148 149 150 151 152 153 154
147 0 139 140 141 142 143 144 145 146 148 149 150 151 152 153 154 155
148 0 140 141 142 143 144 145 146 147 149 150 151 152 153 154 155 156
149 0 141 142 143 144 145 146 147 148 150 151 152 153 154 155 156 157
150 0 142 143 144 145 146 147 148 149 151 152 153 154 155 156 157 158
151 0 143 144 145 146 147 148 149 150 152 153 154 155 156 157 158 159
152 0 144 145 146 147 148 149 150 151 153 154 155 156 157 158 159 160
153 0 145 146 147 148 149 150 151 152 154 155 156 157 158 159 160 161
154 0 146 147 148 149 150 151 152 153 155 156 157 158 159 160 161 162
155 0 147 148 149 150 151 152 153 154 156 157 158 159 160 161 162 163
156 0 148 149 150 151 152 153 154 155 157 158 159 160 161 162 163 164
157 0 149 150 151 152 153 154 155 156 158 159 160 161 162 163 164 165
158 0 150 151 152 153 154 155 156 157 159 160 161 162 163 164 165 166
159 0 151 152 153 154 155 156 157 158 160 161 162 163 164 165 166 167
160 0 152 153 154 155 156 157 158 159 161 162 163 164 165 166 167 168
161 0 153 154 155 156 157 158 159 160 162 163 164 165 166 167 168 169
162 0 154 155 156 157 158 159 160 161 163 164 165 166 167 168 169 170
163 0 155 156 157 158 159 160 161 162 164 165 166 167 168 169 170 171
164 0 156 157 158 159 160 161 162 163 165 166 167 168 169 170 171 172
165 0 157 158 159 160 161 162 163 164 166 167 168 169 170 171 172 173
166 0 158 159 160 161 162 163 164 165 167 168 169 170 171 172 173 174
167 0 159 160 161 162 163 164 165 166 168 169 170 171 172 173 174 175
168 0 160 161 162 163 164 165 166 167 169 170 171 172 173 174 175 176
169 0 161 162 163 164 165 166 167 168 170 171 172 173 174 175 176 177
170 0 162 163 164 165 166 167 168 169 171 172 173 174 175 176 177 178
171 0 163 164 165 166 167 168 169 170 172 173 174 175 176 177 178 179
172 0 164 165 166 167 168 169 170 171 173 174 175 176 177 178 179 180
173 0 165 166 167 168 169 170 171 172 174 175 176 177 178 179 180 181
174 0 166 167 168 169 170 171 172 173 175 176 177 178 179 180 181 182
175 0 167 168 169 170 171 172 173 174 176 177 178 179 180 181 182 183
176 0 168 169 170 171 172 173 174 175 177 178 179 180 181 182 183 184
177 0 169 170 171 172 173 174 175 176 178 179 180 181 182 183 184 185
178 0 170 171 172 173 174 175 176 177 179 180 181 182 183 184 185 186
179 0 171 172 173 174 175 176 177 178 180 181 182 183 184 185 186 187
180 0 172 173 174 175 176 177 178 179 181 182 183 184 185 186 187 188
181 0 173 174 175 176 177 178 179 180 182 183 184 185 186 187 188 189
182 0 174 175 176 177 178 179 180 181 183 184 185 186 187 188 189 190
183 0 175 176 177 178 179 180 181 182 184 185 186 187 188 189 190 191
184 0 176 177 178 179 180 181 182 183 185 186 187 188 189 190 191 192
185 0 177 178 179 180 181 182 183 184 186 187 188 189 190 191 192 193
186 0 178 179 180 181 182 183 184 185 187 188 189 190 191 192 193 194
187 0 179 180 181 182 183 184 185 186 188 189 190 191 192 193 194 195
188 0 180 181 182 183 184 185 186 187 189 190 191 192 193 194 195 196
189 0 181 182 183 184 185 186 187 188 190 191 192 193 194 195 196 197
190 0 182 183 184 185 186 187 188 189 191 192 193 194 195 196 197 198
191 0 183 184 185 186 187 188 189 190 192 193 194 195 196 197 198 199
192 0 184 185 186 187 188 189 190 191 193 194 195 196 197 198 199 200
193 0 185 186 187 188 189 190 191 192 194 195 196 197 198 199 200 201
194 0 186 187 188 189 190 191 192 193 195 196 197 198 199 200 201 202
195 0 187 188 189 190 191 192 193 194 196 197 198 199 200 201 202 203
196 0 188 189 190 191 192 193 194 195 197 198 199 200 201 202 203 204
197 0 189 190 191 192 193 194 195 196 198 199 200 201 202 203 204 205
198 0 190 191 192 193 194 195 196 197 199 200 201 202 203 204 205 206
199 0 191 192 193 194 195 196 197 198 200 201 202 203 204 205 206 207
200 0 192 193 194 195 196 197 198 199 201 202 203 204 205 206 207 208
201 0 193 194 195 196 197 198 199 200 202 203 204 205 206 207 208 209
202 0 194 195 196 197 198 199 200 201 203 204 205 206 207 208 209 210
203 0 195 196 197 198 199 200 201 202 204 205 206 207 208 209 210 211
204 0 196 197 198 199 200 201 202 203 205 206 207 208 209 210 211 212
205 0 197 198 199 200 201 202 203 204 206 207 208 209 210 211 212 213
206 0 198 199 200 201 202 203 204 205 207 208 209 210 211 212 213 214
207 0 199 200 201 202 203 204 205 206 208 209 210 211 212 213 214 215
208 0 200 201 202 203 204 205 206 207 209 210 211 212 213 214 215 216
209 0 201 202 203 204 205 206 207 208 210 211 212 213 214 215 216 217
210 0 202 203 204 205 206 207 208 209 211 212 213 214 215 216 217 218
211 0 203 204 205 206 207 208 209 210 212 213 214 215 216 217 218 219
212 0 204 205 206 207 208 209 210 211 213 214 215 216 217 218 219 220
213 0 205 206 207 208 209 210 211 212 214 215 216 217 218 219 220 221
214 0 206 207 208 209 210 211 212 213 215 216 217 218 219 220 221 222
215 0 207 208 209 210 211 212 213 214 216 217 218 219 220 221 222 223
216 0 208 209 210 211 212 213 214 215 217 218 219 220 221 222 223 224
217 0 209 210 211 212 213 214 215 216 218 219 220 221 222 223 224 225
218 0 210 211 212 213 214 215 216 217 219 220 221 222 223 224 225 226
219 0 211 212 213 214 215 216 217 218 220 221 222 223 224 225 226 227
220 0 212 213 214 215 216 217 218 219 221 222 223 224 225 226 227 228
221 0 213 214 215 216 217 218 219 220 222 223 224 225 226 227 228 229
222 0 214 215 216 217 218 219 220 221 223 224 225 226 227 228 229 230
223 0 215 216 217 218 219 220 221 222 224 225 226 227 228 229 230 231
224 0 216 217 218 219 220 221 222 223 225 226 227 228 229 230 231 232
225 0 217 218 219 220 221 222 223 224 226 227 228 229 230 231 232 233
226 0 218 219 220 221 222 223 224 225 227 228 229 230 231 232 233 234
227 0 219 220 221 222 223 224 225 226 228 229 230 231 232 233 234 235
228 0 220 221 222 223 224 225 226 227 229 230 231 232 233 234 235 236
229 0 221 222 223 224 225 226 227 228 230 231 232 233 234 235 236 237
230 0 222 223 224 225 226 227 228 229 231 232 233 234 235 236 237 238
231 0 223 224 225 226 227 228 229 230 232 233 234 235 236 237 238 239
232 0 224 225 226 227 228 229 230 231 233 234 235 236 237 238 239 240
233 0 225 226 227 228 229 230 231 232 234 235 236 237 238 239 240 241
234 0 226 227 228 229 230 231 232 233 235 236 237 238 239 240 241 242
235 0 227 228 229 230 231 232 233 234 236 237 238 239 240 241 242 243
236 0 228 229 230 231 232 233 234 235 237 238 239 240 241 242 243 244
237 0 229 230 231 232 233 234 235 236 238 239 240 241 242 243 244 245
238 0 230 231 232 233 234 235 236 237 239 240 241 242 243 244 245 246
239 0 231 232 233 234 235 236 237 238 240 241 242 243 244 245 246 247
240 0 232 233 234 235 236 237 238 239 241 242 243 244 245 246 247 248
241 0 233 234 235 236 237 238 239 240 242 243 244 245 246 247 248 249
242 0 234 235 236 237 238 239 240 241 243 244 245 246 247 248 249 250
243 0 235 236 237 238 239 240 241 242 244 245 246 247 248 249 250 251
244 0 236 237 238 239 240 241 242 243 245 246 247 248 249 250 251 252
245 0 237 238 239 240 241 242 243 244 246 247 248 249 250 251 252 253
246 0 238 239 240 241 242 243 244 245 247 248 249 250 251 252 253 254
247 0 239 240 241 242 243 244 245 246 248 249 250 251 252 253 254 255
248 0 240 241 242 243 244 245 246 247 249 250 251 252 253 254 255 256
249 0 241 242 243 244 245 246 247 248 250 251 252 253 254 255 256 257
250 0 242 243 244 245 246 247 248 249 251 252 253 254 255 256 257 258
251 0 243 244 245 246 247 248 249 250 252 253 254 255 256 257 258 259
252 0 244 245 246 247 248 249 250 251 253 254 255 256 257 258 259 260
253 0 245 246 247 248 249 250 251 252 254 255 256 257 258 259 260 261
254 0 246 247 248 249 250 251 252 253 255 256 257 258 259 260 261 262
255 0 247 248 249 250 251 252 253 254 256 257 258 259 260 261 262 263
256 0 248 249 250 251 252 253 254 255 257 258 259 260 261 262 263 264
257 0 249 250 251 252 253 254 255 256 258 259 260 261 262 263 264 265
258 0 250 251 252 253 254 255 256 257 259 260 261 262 263 264 265 266
259 0 251 252 253 254 255 256 257 258 260 261 262 263 264 265 266 267
260 0 252 253 254 255 256 257 258 259 261 262 263 264 265 266 267 268
261 0 253 254 255 256 257 258 259 260 262 263 264 265 266 267 268 269
262 0 254 255 256 257 258 259 260 261 263 264 265 266 267 268 269 270
263 0 255 256 257 258 259 260 261 262 264 265 266 267 268 269 270 271
264 0 256 257 258 259 260 261 262 263 265 266 267 268 269 270 271 272
265 0 257 258 259 260 261 262 263 264 266 267 268 269 270 271 272 273
266 0 258 259 260 261 262 263 264 265 267 268 269 270 271 272 273 274
267 0 259 260 261 262 263 264 265 266 268 269 270 271 272 273 274 275
268 0 260 261 262 263 264 265 266 267 269 270 271 272 273 274 275 276
269 0 261 262 263 264 265 266 267 268 270 271 272 273 274 275 276 277
270 0 262 263 264 265 266 267 268 269 271 272 273 274 275 276 277 278
271 0 263 264 265 266 267 268 269 270 272 273 274 275 276 277 278 279
272 0 264 265 266 267 268 269 270 271 273 274 275 276 277 278 279 280
273 0 265 266 267 268 269 270 271 272 274 275 276 277 278 279 280 281
274 0 266 267 268 269 270 271 272 273 275 276 277 278 279 280 281 282
275 0 267 268 269 270 271 272 273 274 276 277 278 279 280 281 282 283
276 0 268 269 270 271 272 273 274 275 277 278 279 280 281 282 283 284
277 0 269 270 271 272 273 274 275 276 278 279 280 281 282 283 284 285
278 0 270 271 272 273 274 275 276 277 279 280 281 282 283 284 285 286
279 0 271 272 273 274 275 276 277 278 280 281 282 283 284 285 286 287
280 0 272 273 274 275 276 277 278 279 281 282 283 284 285 286 287 288
281 0 273 274 275 276 277 278 279 280 282 283 284 285 286 287 288 289
282 0 274 275 276 277 278 279 280 281 283 284 285 286 287 288 289 290
283 0 275 276 277 278 279 280 281 282 284 285 286 287 288 289 290 291
284 0 276 277 278 279 280 281 282 283 285 286 287 288 289 290 291 292
285 0 277 278 279 280 281 282 283 284 286 287 288 289 290 291 292 293
286 0 278 279 280 281 282 283 284 285 287 288 289 290 291 292 293 294
287 0 279 280 281 282 283 284 285 286 288 289 290 291 292 293 294 295
288 0 280 281 282 283 284 285 286 287 289 290 291 292 293 294 295 296
289 0 281 282 283 284 285 286 287 288 290 291 292 293 294 295 296 297
290 0 282 283 284 285 286 287 288 289 291 292 293 294 295 296 297 298
291 0 283 284 285 286 287 288 289 290 292 293 294 295 296 297 298 299
292 0 284 285 286 287 288 289 290 291 293 294 295 296 297 298 299 300
293 0 285 286 287 288 289 290 291 292 294 295 296 297 298 299 300 301
294 0 286 287 288 289 290 291 292 293 295 296 297 298 299 300 301 302
295 0 287 288 289 290 291 292 293 294 296 297 298 299 300 301 302 303
296 0 288 289 290 291 292 293 294 295 297 298 299 300 301 302 303 304
297 0 289 290 291 292 293 294 295 296 298 299 300 301 302 303 304 305
298 0 290 291 292 293 294 295 296 297 299 300 301 302 303 304 305 306
299 0 291 292 293 294 295 296 297 298 300 301 302 303 304 305 306 307
300 0 292 293 294 295 296 297 298 299 301 302 303 304 305 306 307 308
301 0 293 294 295 296 297 298 299 300 302 303 304 305 306 307 308 309
302 0 294 295 296 297 298 299 300 301 303 304 305 306 307 308 309 310
303 0 295 296 297 298 299 300 301 302 304 305 306 307 308 309 310 311
304 0 296 297 298 299 300 301 302 303 305 306 307 308 309 310 311 312
305 0 297 298 299 300 301 302 303 304 306 307 308 309 310 311 312 313
306 0 298 299 300 301 302 303 304 305 307 308 309 310 311 312 313 314
307 0 299 300 301 302 303 304 305 306 308 309 310 311 312 313 314 315
308 0 300 301 302 303 304 305 306 307 309 310 311 312 313 314 315 316
309 0 301 302 303 304 305 306 307 308 310 311 312 313 314 315 316 317
310 0 302 303 304 305 306 307 308 309 311 312 313 314 315 316 317 318
311 0 303 304 305 306 307 308 309 310 312 313 314 315 316 317 318 319
312 0 304 305 306 307 308 309 310 311 313 314 315 316 317 318 319 320
313 0 305 306 307 308 309 310 311 312 314 315 316 317 318 319 320 321
314 0 306 307 308 309 310 311 312 313 315 316 317 318 319 320 321 322
315 0 307 308 309 310 311 312 313 314 316 317 318 319 320 321 322 323
316 0 308 309 310 311 312 313 314 315 317 318 319 320 321 322 323 324
317 0 309 310 311 312 313 314 315 316 318 319 320 321 322 323 324 325
318 0 310 311 312 313 314 315 316 317 319 320 321 322 323 324 325 326
319 0 311 312 313 314 315 316 317 318 320 321 322 323 324 325 326 327
320 0 312 313 314 315 316 317 318 319 321 322 323 324 325 326 327 328
321 0 313 314 315 316 317 318 319 320 322 323 324 325 326 327 328 329
322 0 314 315 316 317 318 319 320 321 323 324 325 326 327 328 329 330
323 0 315 316 317 318 319 320 321 322 324 325 326 327 328 329 330 331
324 0 316 317 318 319 320 321 322 323 325 326 327 328 329 330 331 332
325 0 317 318 319 320 321 322 323 324 326 327 328 329 330 331 332 333
326 0 318 319 320 321 322 323 324 325 327 328 329 330 331 332 333 334
327 0 319 320 321 322 323 324 325 326 328 329 330 331 332 333 334 335
328 0 320 321 322 323 324 325 326 327 329 330 331 332 333 334 335 336
329 0 321 322 323 324 325 326 327 328 330 331 332 333 334 335 336 337
330 0 322 323 324 325 326 327 328 329 331 332 333 334 335 336 337 338
331 0 323 324 325 326 327 328 329 330 332 333 334 335 336 337 338 339
332 0 324 325 326 327 328 329 330 331 333 334 335 336 337 338 339 340
333 0 325 326 327 328 329 330 331 332 334 335 336 337 338 339 340 341
334 0 326 327 328 329 330 331 332 333 335 336 337 338 339 340 341 342
335 0 327 328 329 330 331 332 333 334 336 337 338 339 340 341 342 343
336 0 328 329 330 331 332 333 334 335 337 338 339 340 341 342 343 344
337 0 329 330 331 332 333 334 335 336 338 339 340 341 342 343 344 345
338 0 330 331 332 333 334 335 336 337 339 340 341 342 343 344 345 346
339 0 331 332 333 334 335 336 337 338 340 341 342 343 344 345 346 347
340 0 332 333 334 335 336 337 338 339 341 342 343 344 345 346 347 348
341 0 333 334 335 336 337 338 339 340 342 343 344 345 346 347 348 349
342 0 334 335 336 337 338 339 340 341 343 344 345 346 347 348 349 350
343 0 335 336 337 338 339 340 341 342 344 345 346 347 348 349 350 351
344 0 336 337 338 339 340 341 342 343 345 346 347 348 349 350 351 352
345 0 337 338 339 340 341 342 343 344 346 347 348 349 350 351 352 353
346 0 338 339 340 341 342 343 344 345 347 348 349 350 351 352 353 354
347 0 339 340 341 342 343 344 345 346 348 349 350 351 352 353 354 355
348 0 340 341 342 343 344 345 346 347 349 350 351 352 353 354 355 356
349 0 341 342 343 344 345 346 347 348 350 351 352 353 354 355 356 357
350 0 342 343 344 345 346 347 348 349 351 352 353 354 355 356 357 358
351 0 343 344 345 346 347 348 349 350 352 353 354 355 356 357 358 359
352 0 344 345 346 347 348 349 350 351 353 354 355 356 357 358 359 360
353 0 345 346 347 348 349 350 351 352 354 355 356 357 358 359 360 361
354 0 346 347 348 349 350 351 352 353 355 356 357 358 359 360 361 362
355 0 347 348 349 350 351 352 353 354 356 357 358 359 360 361 362 363
356 0 348 349 350 351 352 353 354 355 357 358 359 360 361 362 363 364
357 0 349 350 351 352 353 354 355 356 358 359 360 361 362 363 364 365
358 0 350 351 352 353 354 355 356 357 359 360 361 362 363 364 365 366
359 0 351 352 353 354 355 356 357 358 360 361 362 363 364 365 366 367
360 0 352 353 354 355 356 357 358 359 361 362 363 364 365 366 367 368
361 0 353 354 355 356 357 358 359 360 362 363 364 365 366 367 368 369
362 0 354 355 356 357 358 359 360 361 363 364 365 366 367 368 369 370
363 0 355 356 357 358 359 360 361 362 364 365 366 367 368 369 370 371
364 0 356 357 358 359 360 361 362 363 365 366 367 368 369 370 371 372
365 0 357 358 359 360 361 362 363 364 366 367 368 369 370 371 372 373
366 0 358 359 360 361 362 363 364 365 367 368 369 370 371 372 373 374
367 0 359 360 361 362 363 364 365 366 368 369 370 371 372 373 374 375
368 0 360 361 362 363 364 365 366 367 369 370 371 372 373 374 375 376
369 0 361 362 363 364 365 366 367 368 370 371 372 373 374 375 376 377
370 0 362 363 364 365 366 367 368 369 371 372 373 374 375 376 377 378
371 0 363 364 365 366 367 368 369 370 372 373 374 375 376 377 378 379
372 0 364 365 366 367 368 369 370 371 373 374 375 376 377 378 379 380
373 0 365 366 367 368 369 370 371 372 374 375 376 377 378 379 380 381
374 0 366 367 368 369 370 371 372 373 375 376 377 378 379 380 381 382
375 0 367 368 369 370 371 372 373 374 376 377 378 379 380 381 382 383
376 0 368 369 370 371 372 373 374 375 377 378 379 380 381 382 383 384
377 0 369 370 371 372 373 374 375 376 378 379 380 381 382 383 384 385
378 0 370 371 372 373 374 375 376 377 379 380 381 382 383 384 385 386
379 0 371 372 373 374 375 376 377 378 380 381 382 383 384 385 386 387
380 0 372 373 374 375 376 377 378 379 381 382 383 384 385 386 387 388
381 0 373 374 375 376 377 378 379 380 382 383 384 385 386 387 388 389
382 0 374 375 376 377 378 379 380 381 383 384 385 386 387 388 389 390
383 0 375 376 377 378 379 380 381 382 384 385 386 387 388 389 390 391
384 0 376 377 378 379 380 381 382 383 385 386 387 388 389 390 391 392
385 0 377 378 379 380 381 382 383 384 386 387 388 389 390 391 392 393
386 0 378 379 380 381 382 383 384 385 387 388 389 390 391 392 393 394
387 0 379 380 381 382 383 384 385 386 388 389 390 391 392 393 394 395
388 0 380 381 382 383 384 385 386 387 389 390 391 392 393 394 395 396
389 0 381 382 383 384 385 386 387 388 390 391 392 393 394 395 396 397
390 0 382 383 384 385 386 387 388 389 391 392 393 394 395 396 397 398
391 0 383 384 385 386 387 388 389 390 392 393 394 395 396 397 398 399
392 0 384 385 386 387 388 389 390 391 393 394 395 396 397 398 399 400
393 0 385 386 387 388 389 390 391 392 394 395 396 397 398 399 400 401
394 0 386 387 388 389 390 391 392 393 395 396 397 398 399 400 401 402
395 0 387 388 389 390 391 392 393 394 396 397 398 399 400 401 402 403
396 0 388 389 390 391 392 393 394 395 397 398 399 400 401 402 403 404
397 0 389 390 391 392 393 394 395 396 398 399 400 401 402 403 404 405
398 0 390 391 392 393 394 395 396 397 399 400 401 402 403 404 405 406
399 0 391 392 393 394 395 396 397 398 400 401 402 403 404 405 406 407
400 0 392 393 394 395 396 397 398 399 401 402 403 404 405 406 407 408
401 0 393 394 395 396 397 398 399 400 402 403 404 405 406 407 408 409
402 0 394 395 396 397 398 399 400 401 403 404 405 406 407 408 409 410
403 0 395 396 397 398 399 400 401 402 404 405 406 407 408 409 410 411
404 0 396 397 398 399 400 401 402 403 405 406 407 408 409 410 411 412
405 0 397 398 399 400 401 402 403 404 406 407 408 409 410 411 412 413
406 0 398 399 400 401 402 403 404 405 407 408 409 410 411 412 413 414
407 0 399 400 401 402 403 404 405 406 408 409 410 411 412 413 414 415
408 0 400 401 402 403 404 405 406 407 409 410 411 412 413 414 415 416
409 0 401 402 403 404 405 406 407 408 410 411 412 413 414 415 416 417
410 0 402 403 404 405 406 407 408 409 411 412 413 414 415 416 417 418
411 0 403 404 405 406 407 408 409 410 412 413 414 415 416 417 418 419
412 0 404 405 406 407 408 409 410 411 413 414 415 416 417 418 419 420
413 0 405 406 407 408 409 410 411 412 414 415 416 417 418 419 420 421
414 0 406 407 408 409 410 411 412 413 415 416 417 418 419 420 421 422
415 0 407 408 409 410 411 412 413 414 416 417 418 419 420 421 422 423
416 0 408 409 410 411 412 413 414 415 417 418 419 420 421 422 423 424
417 0 409 410 411 412 413 414 415 416 418 419 420 421 422 423 424 425
418 0 410 411 412 413 414 415 416 417 419 420 421 422 423 424 425 426
419 0 411 412 413 414 415 416 417 418 420 421 422 423 424 425 426 427
420 0 412 413 414 415 416 417 418 419 421 422 423 424 425 426 427 428
421 0 413 414 415 416 417 418 419 420 422 423 424 425 426 427 428 429
422 0 414 415 416 417 418 419 420 421 423 424 425 426 427 428 429 430
423 0 415 416 417 418 419 420 421 422 424 425 426 427 428 429 430 431
424 0 416 417 418 419 420 421 422 423 425 426 427 428 429 430 431 432
425 0 417 418 419 420 421 422 423 424 426 427 428 429 430 431 432 433
426 0 418 419 420 421 422 423 424 425 427 428 429 430 431 432 433 434
427 0 419 420 421 422 423 424 425 426 428 429 430 431 432 433 434 435
428 0 420 421 422 423 424 425 426 427 429 430 431 432 433 434 435 436
429 0 421 422 423 424 425 426 427 428 430 431 432 433 434 435 436 437
430 0 422 423 424 425 426 427 428 429 431 432 433 434 435 436 437 438
431 0 423 424 425 426 427 428 429 430 432 433 434 435 436 437 438 439
432 0 424 425 426 427 428 429 430 431 433 434 435 436 437 438 439 440
433 0 425 426 427 428 429 430 431 432 434 435 436 437 438 439 440 441
434 0 426 427 428 429 430 431 432 433 435 436 437 438 439 440 441 442
435 0 427 428 429 430 431 432 433 434 436 437 438 439 440 441 442 443
436 0 428 429 430 431 432 433 434 435 437 438 439 440 441 442 443 444
437 0 429 430 431 432 433 434 435 436 438 439 440 441 442 443 444 445
438 0 430 431 432 433 434 435 436 437 439 440 441 442 443 444 445 446
439 0 431 432 433 434 435 436 437 438 440 441 442 443 444 445 446 447
440 0 432 433 434 435 436 437 438 439 441 442 443 444 445 446 447 448
441 0 433 434 435 436 437 438 439 440 442 443 444 445 446 447 448 449
442 0 434 435 436 437 438 439 440 441 443 444 445 446 447 448 449 450
443 0 435 436 437 438 439 440 441 442 444 445 446 447 448 449 450 451
444 0 436 437 438 439 440 441 442 443 445 446 447 448 449 450 451 452
445 0 437 438 439 440 441 442 443 444 446 447 448 449 450 451 452 453
446 0 438 439 440 441 442 443 444 445 447 448 449 450 451 452 453 454
447 0 439 440 441 442 443 444 445 446 448 449 450 451 452 453 454 455
448 0 440 441 442 443 444 445 446 447 449 450 451 452 453 454 455 456
449 0 441 442 443 444 445 446 447 448 450 451 452 453 454 455 456 457
450 0 442 443 444 445 446 447 448 449 451 452 453 454 455 456 457 458
451 0 443 444 445 446 447 448 449 450 452 453 454 455 456 457 458 459
452 0 444 445 446 447 448 449 450 451 453 454 455 456 457 458 459 460
453 0 445 446 447 448 449 450 451 452 454 455 456 457 458 459 460 461
454 0 446 447 448 449 450 451 452 453 455 456 457 458 459 460 461 462
455 0 447 448 449 450 451 452 453 454 456 457 458 459 460 461 462 463
456 0 448 449 450 451 452 453 454 455 457 458 459 460 461 462 463 464
457 0 449 450 451 452 453 454 455 456 458 459 460 461 462 463 464 465
458 0 450 451 452 453 454 455 456 457 459 460 461 462 463 464 465 466
459 0 451 452 453 454 455 456 457 458 460 461 462 463 464 465 466 467
460 0 452 453 454 455 456 457 458 459 461 462 463 464 465 466 467 468
461 0 453 454 455 456 457 458 459 460 462 463 464 465 466 467 468 469
462 0 454 455 456 457 458 459 460 461 463 464 465 466 467 468 469 470
463 0 455 456 457 458 459 460 461 462 464 465 466 467 468 469 470 471
464 0 456 457 458 459 460 461 462 463 465 466 467 468 469 470 471 472
465 0 457 458 459 460 461 462 463 464 466 467 468 469 470 471 472 473
466 0 458 459 460 461 462 463 464 465 467 468 469 470 471 472 473 474
467 0 459 460 461 462 463 464 465 466 468 469 470 471 472 473 474 475
468 0 460 461 462 463 464 465 466 467 469 470 471 472 473 474 475 476
469 0 461 462 463 464 465 466 467 468 470 471 472 473 474 475 476 477
470 0 462 463 464 465 466 467 468 469 471 472 473 474 475 476 477 478
471 0 463 464 465 466 467 468 469 470 472 473 474 475 476 477 478 479
472 0 464 465 466 467 468 469 470 471 473 474 475 476 477 478 479 480
473 0 465 466 467 468 469 470 471 472 474 475 476 477 478 479 480 481
474 0 466 467 468 469 470 471 472 473 475 476 477 478 479 480 481 482
475 0 467 468 469 470 471 472 473 474 476 477 478 479 480 481 482 483
476 0 468 469 470 471 472 473 474 475 477 478 479 480 481 482 483 484
477 0 469 470 471 472 473 474 475 476 478 479 480 481 482 483 484 485
478 0 470 471 472 473 474 475 476 477 479 480 481 482 483 484 485 486
479 0 471 472 473 474 475 476 477 478 480 481 482 483 484 485 486 487
480 0 472 473 474 475 476 477 478 479 481 482 483 484 485 486 487 488
481 0 473 474 475 476 477 478 479 480 482 483 484 485 486 487 488 489
482 0 474 475 476 477 478 479 480 481 483 484 485 486 487 488 489 490
483 0 475 476 477 478 479 480 481 482 484 485 486 487 488 489 490 491
484 0 476 477 478 479 480 481 482 483 485 486 487 488 489 490 491 492
485 0 477 478 479 480 481 482 483 484 486 487 488 489 490 491 492 493
486 0 478 479 480 481 482 483 484 485 487 488 489 490 491 492 493 494
487 0 479 480 481 482 483 484 485 486 488 489 490 491 492 493 494 495
488 0 480 481 482 483 484 485 486 487 489 490 491 492 493 494 495 496
489 0 481 482 483 484 485 486 487 488 490 491 492 493 494 495 496 497
490 0 482 483 484 485 486 487 488 489 491 492 493 494 495 496 497 498
491 0 483 484 485 486 487 488 489 490 492 493 494 495 496 497 498 499
492 0 484 485 486 487 488 489 490 491 493 494 495 496 497 498 499 500
493 0 485 486 487 488 489 490 491 492 494 495 496 497 498 499 500 501
494 0 486 487 488 489 490 491 492 493 495 496 497 498 499 500 501 502
495 0 487 488 489 490 491 492 493 494 496 497 498 499 500 501 502 503
496 0 488 489 490 491 492 493 494 495 497 498 499 500 501 502 503 504
497 0 489 490 491 492 493 494 495 496 498 499 500 501 502 503 504 505
498 0 490 491 492 493 494 495 496 497 499 500 501 502 503 504 505 506
499 0 491 492 493 494 495 496 497 498 500 501 502 503 504 505 506 507
500 0 492 493 494 495 496 497 498 499 501 502 503 504 505 506 507 508
501 0 493 494 495 496 497 498 499 500 502 503 504 505 506 507 508 509
502 0 494 495 496 497 498 499 500 501 503 504 505 506 507 508 509 510
503 0 495 496 497 498 499 500 501 502 504 505 506 507 508 509 510 511
504 0 0 496 497 498 499 500 501 502 503 505 506 507 508 509 510 511
505 0 0 1 497 498 499 500 501 502 503 504 506 507 508 509 510 511
506 0 0 1 2 498 499 500 501 502 503 504 505 507 508 509 510 511
507 0 0 1 2 3 499 500 501 502 503 504 505 506 508 509 510 511
508 0 0 1 2 3 4 500 501 502 503 504 505 506 507 509 510 511
509 0 0 1 2 3 4 5 501 502 503 504 505 506 507 508 510 511
510 0 0 1 2 3 4 5 6 502 503 504 505 506 507 508 509 511
511 0 0 1 2 3 4 5 6 7 503 504 505 506 507 508 509 510
