Results/1__fc_512__1000000__1.000000__1.000000_0.000000_1.100000_0.000000___#2.txt 
133371
69642
32026
21931
17631
14833
12111
10341
9460
9125
8687
8387
7154
6950
5707
5621
5467
4683
4599
4390
4088
4088
4088
4088
4088
4088
4088
4088
3611
3577
3577
3577
3577
3577
3387
3066
3066
3066
3066
3066
3066
3066
3066
3066
3066
3066
3066
3066
3066
3066
3066
3066
3066
3066
3066
3066
3066
3066
3066
3066
3066
3066
3066
3066
3066
3066
3066
3066
3066
3066
3066
3066
3066
3066
3066
3066
3066
3066
3066
3066
3066
3066
3066
3066
3066
3066
3066
3066
3066
3066
3066
3066
3066
3066
3066
3066
3066
3066
3066
3066
