Results/1__fc_512__1000000__1.000000__1.000000_0.000000_1.050000_0.000000___#2.txt 
134393
95861
60772
39721
31933
26429
24326
22143
20820
17338
16080
14736
12590
10884
10066
9709
9709
9643
8692
8687
7927
7427
6513
6132
6132
6132
5763
5027
4599
4599
4599
4599
4599
4599
4599
4599
4236
4088
4088
4088
4088
4088
4088
4088
4088
4088
4088
4088
3652
3066
3066
3066
3066
3066
3066
2988
2555
2555
2555
2049
2044
2044
2044
2044
2044
2044
2044
2044
2044
2044
2044
2044
2044
2044
2044
2044
2044
2044
2044
2044
2044
2044
2044
2044
2044
2044
2044
2044
2044
2044
2044
2044
2044
2044
2044
2044
2044
2044
2044
2044
