150
0 0 1 15
1 0 0 2 16
2 0 1 3 17
3 0 2 4 18
4 0 3 5 19
5 0 4 6 20
6 0 5 7 21
7 0 6 8 22
8 0 7 9 23
9 0 8 10 24
10 0 9 11 25
11 0 10 12 26
12 0 11 13 27
13 0 12 14 28
14 0 13 29
15 0 0 16 30
16 0 1 15 17 31
17 0 2 16 18 32
18 0 3 17 19 33
19 0 4 18 20 34
20 0 5 19 21 35
21 0 6 20 22 36
22 0 7 21 23 37
23 0 8 22 24 38
24 0 9 23 25 39
25 0 10 24 26 40
26 0 11 25 27 41
27 0 12 26 28 42
28 0 13 27 29 43
29 0 14 28 44
30 0 15 31 45
31 0 16 30 32 46
32 0 17 31 33 47
33 0 18 32 34 48
34 0 19 33 35 49
35 0 20 34 36 50
36 0 21 35 37 51
37 0 22 36 38 52
38 0 23 37 39 53
39 0 24 38 40 54
40 0 25 39 41 55
41 0 26 40 42 56
42 0 27 41 43 57
43 0 28 42 44 58
44 0 29 43 59
45 0 30 46 60
46 0 31 45 47 61
47 0 32 46 48 62
48 0 33 47 49 63
49 0 34 48 50 64
50 0 35 49 51 65
51 0 36 50 52 66
52 0 37 51 53 67
53 0 38 52 54 68
54 0 39 53 55 69
55 0 40 54 56 70
56 0 41 55 57 71
57 0 42 56 58 72
58 0 43 57 59 73
59 0 44 58 74
60 0 45 61 75
61 0 46 60 62 76
62 0 47 61 63 77
63 0 48 62 64 78
64 0 49 63 65 79
65 0 50 64 66 80
66 0 51 65 67 81
67 0 52 66 68 82
68 0 53 67 69 83
69 0 54 68 70 84
70 0 55 69 71 85
71 0 56 70 72 86
72 0 57 71 73 87
73 0 58 72 74 88
74 0 59 73 89
75 0 60 76 90
76 0 61 75 77 91
77 0 62 76 78 92
78 0 63 77 79 93
79 0 64 78 80 94
80 0 65 79 81 95
81 0 66 80 82 96
82 0 67 81 83 97
83 0 68 82 84 98
84 0 69 83 85 99
85 0 70 84 86 100
86 0 71 85 87 101
87 0 72 86 88 102
88 0 73 87 89 103
89 0 74 88 104
90 0 75 91 105
91 0 76 90 92 106
92 0 77 91 93 107
93 0 78 92 94 108
94 0 79 93 95 109
95 0 80 94 96 110
96 0 81 95 97 111
97 0 82 96 98 112
98 0 83 97 99 113
99 0 84 98 100 114
100 0 85 99 101 115
101 0 86 100 102 116
102 0 87 101 103 117
103 0 88 102 104 118
104 0 89 103 119
105 0 90 106 120
106 0 91 105 107 121
107 0 92 106 108 122
108 0 93 107 109 123
109 0 94 108 110 124
110 0 95 109 111 125
111 0 96 110 112 126
112 0 97 111 113 127
113 0 98 112 114 128
114 0 99 113 115 129
115 0 100 114 116 130
116 0 101 115 117 131
117 0 102 116 118 132
118 0 103 117 119 133
119 0 104 118 134
120 0 105 121 135
121 0 106 120 122 136
122 0 107 121 123 137
123 0 108 122 124 138
124 0 109 123 125 139
125 0 110 124 126 140
126 0 111 125 127 141
127 0 112 126 128 142
128 0 113 127 129 143
129 0 114 128 130 144
130 0 115 129 131 145
131 0 116 130 132 146
132 0 117 131 133 147
133 0 118 132 134 148
134 0 119 133 149
135 0 120 136
136 0 121 135 137
137 0 122 136 138
138 0 123 137 139
139 0 124 138 140
140 0 125 139 141
141 0 126 140 142
142 0 127 141 143
143 0 128 142 144
144 0 129 143 145
145 0 130 144 146
146 0 131 145 147
147 0 132 146 148
148 0 133 147 149
149 0 134 148
